1	1
2	1
3	1
4	1
5	1
6	1
7	1
8	1
9	1
10	1
11	1
12	1
13	1
14	1
15	1
16	1
17	1
18	1
19	1
20	1
21	1
22	1
23	1
24	1
25	1
26	1
27	1
28	1
29	1
30	1
31	1
32	1
33	1
34	1
35	1
36	1
37	1
38	1
39	1
40	1
41	1
42	1
43	1
44	1
45	1
46	1
47	1
48	1
49	1
50	1
51	1
52	1
53	1
54	1
55	1
56	1
57	1
58	1
59	1
60	1
61	1
62	1
63	1
64	1
65	1
66	1
67	1
68	1
69	1
70	1
71	1
72	1
73	1
74	1
75	1
76	1
77	1
78	1
79	1
80	1
81	1
82	1
83	1
84	1
85	1
86	1
87	1
88	1
89	1
90	1
91	1
92	1
93	1
94	1
95	1
96	1
97	1
98	1
99	1
100	1
101	1
102	1
103	1
104	1
105	1
106	1
107	1
108	1
109	1
110	1
111	1
112	1
113	1
114	1
115	1
116	1
117	1
118	1
119	1
120	1
121	1
122	1
123	1
124	1
125	1
126	1
127	1
128	1
129	1
130	1
131	1
132	1
133	1
134	1
135	1
136	1
137	1
138	1
139	1
140	1
141	1
142	1
143	1
144	1
145	1
146	1
147	1
148	1
149	1
150	1
151	1
152	1
153	1
154	1
155	1
156	1
157	1
158	1
159	1
160	1
161	1
162	1
163	1
164	1
165	1
166	1
167	1
168	1
169	1
170	1
171	1
172	1
173	1
174	1
175	1
176	1
177	1
178	1
179	1
180	1
181	1
182	1
183	1
184	1
185	1
186	1
187	1
188	1
189	1
190	1
191	1
192	1
193	1
194	1
195	1
196	1
197	1
198	1
199	1
200	1
201	1
202	1
203	1
204	1
205	1
206	1
207	1
208	1
209	1
210	1
211	1
212	1
213	1
214	1
215	1
216	1
217	1
218	1
219	1
220	1
221	1
222	1
223	1
224	1
225	1
226	1
227	1
228	1
229	1
230	1
231	1
232	1
233	1
234	1
235	1
236	1
237	1
238	1
239	1
240	1
241	1
242	1
243	1
244	1
245	1
246	1
247	1
248	1
249	1
250	1
251	1
252	1
253	1
254	1
255	1
256	1
257	1
258	1
259	1
260	1
261	1
262	1
263	1
264	1
265	1
266	1
267	1
268	1
269	1
270	1
271	1
272	1
273	1
274	1
275	1
276	1
277	1
278	1
279	1
280	1
281	1
282	1
283	1
284	1
285	1
286	1
287	1
288	1
289	1
290	1
291	1
292	1
293	1
294	1
295	1
296	1
297	1
298	1
299	1
300	1
301	1
302	1
303	1
304	1
305	1
306	1
307	1
308	1
309	1
310	1
311	1
312	1
313	1
314	1
315	1
316	1
317	1
318	1
319	1
320	1
321	1
322	1
323	1
324	1
325	1
326	1
327	1
328	1
329	1
330	1
331	1
332	1
333	1
334	1
335	1
336	1
337	1
338	1
339	1
340	1
341	1
342	1
343	1
344	1
345	1
346	1
347	1
348	1
349	1
350	1
351	1
352	1
353	1
354	1
355	1
356	1
357	1
358	1
359	1
360	1
361	1
362	1
363	1
364	1
365	1
366	1
367	1
368	1
369	1
370	1
371	1
372	1
373	1
374	1
375	1
376	1
377	1
378	1
379	1
380	1
381	1
382	1
383	1
384	1
385	1
386	1
387	1
388	1
389	1
390	1
391	1
392	1
393	1
394	1
395	1
396	1
397	1
398	1
399	1
400	1
401	1
402	1
403	1
404	1
405	1
406	1
407	1
408	1
409	1
410	1
411	1
412	1
413	1
414	1
415	1
416	1
417	1
418	1
419	1
420	1
421	1
422	1
423	1
424	1
425	1
426	1
427	1
428	1
429	1
430	1
431	1
432	1
433	1
434	1
435	1
436	1
437	1
438	1
439	1
440	1
441	1
442	1
443	1
444	1
445	1
446	1
447	1
448	1
449	1
450	1
451	1
452	1
453	1
454	1
455	1
456	1
457	1
458	1
459	1
460	1
461	1
462	1
463	1
464	1
465	1
466	1
467	1
468	1
469	1
470	1
471	1
472	1
473	1
474	1
475	1
476	1
477	1
478	1
479	1
480	1
481	1
482	1
483	1
484	1
485	1
486	1
487	1
488	1
489	1
490	1
491	1
492	1
493	1
494	1
495	1
496	1
497	1
498	1
499	2
500	2
501	2
502	2
503	2
504	2
505	2
506	2
507	2
508	2
509	2
510	2
511	2
512	2
513	2
514	2
515	2
516	2
517	2
518	2
519	2
520	2
521	2
522	2
523	2
524	2
525	2
526	2
527	2
528	2
529	2
530	2
531	2
532	2
533	2
534	2
535	2
536	2
537	2
538	2
539	2
540	2
541	2
542	2
543	2
544	2
545	2
546	2
547	2
548	2
549	2
550	2
551	2
552	2
553	2
554	2
555	2
556	2
557	2
558	2
559	2
560	2
561	2
562	2
563	2
564	2
565	2
566	2
567	2
568	2
569	2
570	2
571	2
572	2
573	2
574	2
575	2
576	2
577	2
578	2
579	2
580	2
581	2
582	2
583	2
584	2
585	2
586	2
587	2
588	2
589	2
590	2
591	2
592	2
593	2
594	2
595	2
596	2
597	2
598	2
599	2
600	2
601	2
602	2
603	2
604	2
605	2
606	2
607	2
608	2
609	2
610	2
611	2
612	2
613	2
614	2
615	2
616	2
617	2
618	2
619	2
620	2
621	2
622	2
623	2
624	2
625	2
626	2
627	2
628	2
629	2
630	2
631	2
632	2
633	2
634	2
635	2
636	2
637	2
638	2
639	2
640	2
641	2
642	2
643	2
644	2
645	2
646	2
647	2
648	2
649	2
650	2
651	2
652	2
653	2
654	2
655	2
656	2
657	2
658	2
659	2
660	2
661	2
662	2
663	2
664	2
665	2
666	2
667	2
668	2
669	2
670	2
671	2
672	2
673	2
674	2
675	2
676	2
677	2
678	2
679	2
680	2
681	2
682	2
683	2
684	2
685	2
686	2
687	2
688	2
689	2
690	2
691	2
692	2
693	2
694	2
695	2
696	2
697	2
698	2
699	2
700	2
701	2
702	2
703	2
704	2
705	2
706	2
707	2
708	2
709	2
710	2
711	2
712	2
713	2
714	2
715	2
716	2
717	2
718	2
719	2
720	2
721	2
722	2
723	2
724	2
725	2
726	2
727	2
728	2
729	2
730	2
731	2
732	2
733	2
734	2
735	2
736	2
737	2
738	2
739	2
740	2
741	2
742	2
743	2
744	2
745	2
746	2
747	2
748	2
749	2
750	2
751	2
752	2
753	2
754	2
755	2
756	2
757	2
758	2
759	2
760	2
761	2
762	2
763	2
764	2
765	2
766	2
767	2
768	2
769	2
770	2
771	2
772	2
773	2
774	2
775	3
776	3
777	3
778	3
779	3
780	3
781	3
782	3
783	3
784	3
785	3
786	3
787	3
788	3
789	3
790	3
791	3
792	3
793	3
794	3
795	3
796	3
797	3
798	3
799	3
800	3
801	3
802	3
803	3
804	3
805	3
806	3
807	3
808	3
809	3
810	3
811	3
812	3
813	3
814	3
815	3
816	3
817	3
818	3
819	3
820	3
821	3
822	3
823	3
824	3
825	3
826	3
827	3
828	3
829	3
830	3
831	3
832	3
833	3
834	3
835	3
836	3
837	3
838	3
839	3
840	3
841	3
842	3
843	3
844	3
845	3
846	3
847	3
848	3
849	3
850	3
851	3
852	3
853	3
854	3
855	3
856	3
857	3
858	3
859	3
860	3
861	3
862	3
863	3
864	3
865	3
866	3
867	3
868	3
869	3
870	3
871	3
872	3
873	3
874	3
875	3
876	3
877	3
878	3
879	3
880	3
881	3
882	3
883	3
884	3
885	3
886	3
887	3
888	3
889	3
890	3
891	3
892	3
893	3
894	3
895	3
896	3
897	3
898	3
899	3
900	3
901	3
902	3
903	3
904	3
905	3
906	3
907	3
908	3
909	3
910	3
911	3
912	3
913	3
914	3
915	3
916	3
917	3
918	3
919	3
920	3
921	3
922	3
923	3
924	3
925	3
926	3
927	3
928	3
929	3
930	3
931	3
932	3
933	3
934	3
935	3
936	3
937	3
938	3
939	3
940	3
941	3
942	3
943	3
944	3
945	3
946	3
947	3
948	3
949	3
950	3
951	3
952	3
953	3
954	3
955	3
956	3
957	3
958	3
959	3
960	3
961	3
962	3
963	3
964	3
965	3
966	3
967	3
968	3
969	3
970	3
971	3
972	3
973	3
974	3
975	3
976	3
977	3
978	3
979	3
980	3
981	3
982	3
983	3
984	3
985	3
986	3
987	3
988	3
989	3
990	3
991	3
992	3
993	3
994	3
995	3
996	4
997	4
998	4
999	4
1000	4
1001	4
1002	4
1003	4
1004	4
1005	4
1006	4
1007	4
1008	4
1009	4
1010	4
1011	4
1012	4
1013	4
1014	4
1015	4
1016	4
1017	4
1018	4
1019	4
1020	4
1021	4
1022	4
1023	4
1024	4
1025	4
1026	4
1027	4
1028	4
1029	4
1030	4
1031	4
1032	4
1033	4
1034	4
1035	4
1036	4
1037	4
1038	4
1039	4
1040	4
1041	4
1042	4
1043	4
1044	4
1045	4
1046	4
1047	4
1048	4
1049	4
1050	4
1051	4
1052	4
1053	4
1054	4
1055	4
1056	4
1057	4
1058	4
1059	4
1060	4
1061	4
1062	4
1063	4
1064	4
1065	4
1066	4
1067	4
1068	4
1069	4
1070	4
1071	4
1072	4
1073	4
1074	4
1075	4
1076	4
1077	4
1078	4
1079	4
1080	4
1081	4
1082	4
1083	4
1084	4
1085	4
1086	4
1087	4
1088	4
1089	4
1090	4
1091	4
1092	4
1093	4
1094	4
1095	4
1096	4
1097	4
1098	4
1099	4
1100	4
1101	4
1102	4
1103	4
1104	4
1105	4
1106	4
1107	4
1108	4
1109	4
1110	4
1111	4
1112	4
1113	4
1114	4
1115	4
1116	4
1117	4
1118	4
1119	4
1120	4
1121	4
1122	4
1123	4
1124	4
1125	4
1126	4
1127	4
1128	4
1129	4
1130	4
1131	4
1132	4
1133	4
1134	4
1135	4
1136	4
1137	4
1138	4
1139	4
1140	4
1141	4
1142	4
1143	4
1144	4
1145	4
1146	4
1147	4
1148	4
1149	4
1150	4
1151	4
1152	4
1153	4
1154	4
1155	4
1156	4
1157	4
1158	4
1159	4
1160	4
1161	4
1162	4
1163	4
1164	4
1165	4
1166	4
1167	4
1168	4
1169	4
1170	4
1171	4
1172	4
1173	4
1174	4
1175	4
1176	4
1177	4
1178	4
1179	4
1180	4
1181	4
1182	4
1183	4
1184	4
1185	4
1186	4
1187	4
1188	4
1189	4
1190	4
1191	4
1192	4
1193	4
1194	4
1195	4
1196	4
1197	4
1198	4
1199	4
1200	4
1201	4
1202	4
1203	4
1204	4
1205	4
1206	4
1207	4
1208	4
1209	4
1210	4
1211	4
1212	4
1213	4
1214	4
1215	4
1216	4
1217	4
1218	4
1219	4
1220	4
1221	4
1222	4
1223	4
1224	4
1225	4
1226	4
1227	4
1228	4
1229	4
1230	4
1231	4
1232	4
1233	4
1234	4
1235	4
1236	4
1237	4
1238	4
1239	4
1240	4
1241	4
1242	4
1243	4
1244	4
1245	4
1246	4
1247	4
1248	4
1249	4
1250	4
1251	4
1252	4
1253	4
1254	4
1255	4
1256	4
1257	4
1258	4
1259	4
1260	4
1261	4
1262	4
1263	4
1264	4
1265	4
1266	4
1267	4
1268	4
1269	5
1270	5
1271	5
1272	5
1273	5
1274	5
1275	5
1276	5
1277	5
1278	5
1279	5
1280	5
1281	5
1282	5
1283	5
1284	5
1285	5
1286	5
1287	5
1288	5
1289	5
1290	5
1291	5
1292	5
1293	5
1294	5
1295	5
1296	5
1297	5
1298	5
1299	5
1300	5
1301	5
1302	5
1303	5
1304	5
1305	5
1306	5
1307	5
1308	5
1309	5
1310	5
1311	5
1312	5
1313	5
1314	5
1315	5
1316	5
1317	5
1318	5
1319	5
1320	5
1321	5
1322	5
1323	5
1324	5
1325	5
1326	5
1327	5
1328	5
1329	5
1330	5
1331	5
1332	5
1333	5
1334	5
1335	5
1336	5
1337	5
1338	5
1339	5
1340	5
1341	5
1342	5
1343	5
1344	5
1345	5
1346	5
1347	5
1348	5
1349	5
1350	5
1351	5
1352	5
1353	5
1354	5
1355	5
1356	5
1357	5
1358	5
1359	5
1360	5
1361	5
1362	5
1363	5
1364	5
1365	5
1366	5
1367	5
1368	5
1369	5
1370	5
1371	5
1372	5
1373	5
1374	5
1375	5
1376	5
1377	5
1378	5
1379	5
1380	5
1381	5
1382	5
1383	5
1384	5
1385	5
1386	5
1387	5
1388	5
1389	5
1390	5
1391	5
1392	5
1393	5
1394	5
1395	5
1396	5
1397	5
1398	5
1399	5
1400	5
1401	5
1402	5
1403	5
1404	5
1405	5
1406	5
1407	5
1408	5
1409	5
1410	5
1411	5
1412	5
1413	5
1414	5
1415	5
1416	5
1417	5
1418	5
1419	5
1420	5
1421	5
1422	5
1423	5
1424	5
1425	5
1426	5
1427	5
1428	5
1429	5
1430	5
1431	5
1432	5
1433	5
1434	5
1435	5
1436	5
1437	5
1438	5
1439	5
1440	5
1441	5
1442	5
1443	5
1444	5
1445	5
1446	5
1447	5
1448	5
1449	5
1450	5
1451	5
1452	5
1453	5
1454	5
1455	5
1456	5
1457	5
1458	5
1459	5
1460	5
1461	5
1462	5
1463	5
1464	5
1465	5
1466	5
1467	5
1468	5
1469	5
1470	5
1471	5
1472	5
1473	5
1474	5
1475	5
1476	5
1477	5
1478	5
1479	5
1480	5
1481	5
1482	5
1483	5
1484	5
1485	5
1486	5
1487	5
1488	5
1489	5
1490	5
1491	5
1492	5
1493	5
1494	5
1495	5
1496	5
1497	5
1498	5
1499	5
1500	5
1501	5
1502	5
1503	5
1504	5
1505	5
1506	5
1507	5
1508	5
1509	5
1510	5
1511	5
1512	5
1513	5
1514	5
1515	5
1516	5
1517	5
1518	5
1519	5
1520	5
1521	5
1522	5
1523	5
1524	5
1525	5
1526	5
1527	5
1528	5
1529	5
1530	5
1531	5
1532	5
1533	5
1534	5
1535	5
1536	5
1537	5
1538	5
1539	5
1540	5
1541	5
1542	5
1543	5
1544	5
1545	5
1546	5
1547	5
1548	5
1549	5
1550	5
1551	5
1552	5
1553	5
1554	5
1555	5
1556	5
1557	5
1558	5
1559	6
1560	6
1561	6
1562	6
1563	6
1564	6
1565	6
1566	6
1567	6
1568	6
1569	6
1570	6
1571	6
1572	6
1573	6
1574	6
1575	6
1576	6
1577	6
1578	6
1579	6
1580	6
1581	6
1582	6
1583	6
1584	6
1585	6
1586	6
1587	6
1588	6
1589	6
1590	6
1591	6
1592	6
1593	6
1594	6
1595	6
1596	6
1597	6
1598	6
1599	6
1600	6
1601	6
1602	6
1603	6
1604	6
1605	6
1606	6
1607	6
1608	6
1609	6
1610	6
1611	6
1612	6
1613	6
1614	6
1615	6
1616	6
1617	6
1618	6
1619	6
1620	6
1621	6
1622	6
1623	6
1624	6
1625	6
1626	6
1627	6
1628	6
1629	6
1630	6
1631	6
1632	6
1633	6
1634	6
1635	6
1636	6
1637	6
1638	6
1639	6
1640	6
1641	6
1642	6
1643	6
1644	6
1645	6
1646	6
1647	6
1648	6
1649	6
1650	6
1651	6
1652	6
1653	6
1654	6
1655	6
1656	6
1657	6
1658	6
1659	6
1660	6
1661	6
1662	6
1663	6
1664	6
1665	6
1666	6
1667	6
1668	6
1669	6
1670	6
1671	6
1672	6
1673	6
1674	6
1675	6
1676	6
1677	6
1678	6
1679	6
1680	6
1681	6
1682	6
1683	6
1684	6
1685	6
1686	6
1687	6
1688	6
1689	6
1690	6
1691	6
1692	6
1693	6
1694	6
1695	6
1696	6
1697	6
1698	6
1699	6
1700	6
1701	6
1702	6
1703	6
1704	6
1705	6
1706	6
1707	6
1708	6
1709	6
1710	6
1711	6
1712	6
1713	6
1714	6
1715	6
1716	6
1717	6
1718	6
1719	6
1720	6
1721	6
1722	6
1723	6
1724	6
1725	6
1726	6
1727	6
1728	6
1729	6
1730	6
1731	6
1732	6
1733	6
1734	6
1735	6
1736	6
1737	6
1738	6
1739	6
1740	6
1741	6
1742	6
1743	6
1744	6
1745	6
1746	6
1747	6
1748	6
1749	6
1750	6
1751	6
1752	6
1753	6
1754	6
1755	6
1756	6
1757	6
1758	6
1759	6
1760	6
1761	6
1762	6
1763	6
1764	6
1765	6
1766	6
1767	6
1768	6
1769	6
1770	6
1771	6
1772	6
1773	6
1774	6
1775	6
1776	6
1777	6
1778	6
1779	6
1780	6
1781	6
1782	6
1783	6
1784	6
1785	6
1786	6
1787	6
1788	6
1789	6
1790	6
1791	6
1792	6
1793	6
1794	6
1795	6
1796	6
1797	6
1798	6
1799	6
1800	6
1801	6
1802	6
1803	6
1804	6
1805	6
1806	6
1807	6
1808	6
1809	6
1810	6
1811	6
1812	6
1813	6
1814	6
1815	6
1816	6
1817	6
1818	6
1819	6
1820	6
1821	6
1822	6
1823	6
1824	6
1825	6
1826	6
1827	6
1828	6
1829	6
1830	6
1831	6
1832	6
1833	6
1834	6
1835	6
1836	6
1837	6
1838	6
1839	6
1840	6
1841	6
1842	6
1843	6
1844	6
1845	6
1846	6
1847	6
1848	6
1849	6
1850	6
1851	6
1852	6
1853	6
1854	6
1855	6
1856	6
1857	6
1858	6
1859	6
1860	6
1861	6
1862	6
1863	6
1864	6
1865	6
1866	6
1867	6
1868	6
1869	6
1870	6
1871	6
1872	6
1873	6
1874	6
1875	6
1876	6
1877	6
1878	6
1879	6
1880	6
1881	6
1882	6
1883	6
1884	6
1885	6
1886	6
1887	6
1888	6
1889	6
1890	6
1891	6
1892	6
1893	6
1894	6
1895	6
1896	6
1897	6
1898	6
1899	6
1900	6
1901	6
1902	6
1903	6
1904	6
1905	6
1906	6
1907	6
1908	6
1909	6
1910	6
1911	6
1912	6
1913	6
1914	6
1915	6
1916	6
1917	6
1918	6
1919	6
1920	6
1921	6
1922	6
1923	6
1924	6
1925	6
1926	6
1927	6
1928	6
1929	6
1930	6
1931	6
1932	6
1933	6
1934	6
1935	6
1936	6
1937	6
1938	6
1939	6
1940	6
1941	6
1942	6
1943	6
1944	6
1945	6
1946	6
1947	6
1948	6
1949	6
1950	6
1951	6
1952	6
1953	6
1954	6
1955	6
1956	6
1957	6
1958	6
1959	6
1960	6
1961	6
1962	6
1963	6
1964	6
1965	6
1966	6
1967	6
1968	6
1969	6
1970	6
1971	6
1972	6
1973	6
1974	6
1975	6
1976	6
1977	6
1978	6
1979	6
1980	6
1981	6
1982	6
1983	6
1984	6
1985	6
1986	6
1987	6
1988	6
1989	6
1990	6
1991	6
1992	6
1993	6
1994	6
1995	6
1996	6
1997	6
1998	6
1999	6
2000	6
2001	6
2002	6
2003	6
2004	6
2005	6
2006	6
2007	6
2008	6
2009	6
2010	6
2011	7
2012	7
2013	7
2014	7
2015	7
2016	7
2017	7
2018	7
2019	7
2020	7
2021	7
2022	7
2023	7
2024	7
2025	7
2026	7
2027	7
2028	7
2029	7
2030	7
2031	7
2032	7
2033	7
2034	7
2035	7
2036	7
2037	7
2038	7
2039	7
2040	7
2041	7
2042	7
2043	7
2044	7
2045	7
2046	7
2047	7
2048	7
2049	7
2050	7
2051	7
2052	7
2053	7
2054	7
2055	7
2056	7
2057	7
2058	7
2059	7
2060	7
2061	7
2062	7
2063	7
2064	7
2065	7
2066	7
2067	7
2068	7
2069	7
2070	7
2071	7
2072	7
2073	7
2074	7
2075	7
2076	7
2077	7
2078	7
2079	7
2080	7
2081	7
2082	7
2083	7
2084	7
2085	7
2086	7
2087	7
2088	7
2089	7
2090	7
2091	7
2092	7
2093	7
2094	7
2095	7
2096	7
2097	7
2098	7
2099	7
2100	7
2101	7
2102	7
2103	7
2104	7
2105	7
2106	7
2107	7
2108	7
2109	7
2110	7
2111	7
2112	7
2113	7
2114	7
2115	7
2116	7
2117	7
2118	7
2119	7
2120	7
2121	7
2122	7
2123	7
2124	7
2125	7
2126	7
2127	7
2128	7
2129	7
2130	7
2131	7
2132	7
2133	7
2134	7
2135	7
2136	7
2137	7
2138	7
2139	7
2140	7
2141	7
2142	7
2143	7
2144	7
2145	7
2146	7
2147	7
2148	7
2149	7
2150	7
2151	7
2152	7
2153	7
2154	7
2155	7
2156	7
2157	7
2158	7
2159	7
2160	7
2161	7
2162	7
2163	7
2164	7
2165	7
2166	7
2167	7
2168	7
2169	7
2170	7
2171	7
2172	7
2173	7
2174	7
2175	7
2176	7
2177	7
2178	7
2179	7
2180	7
2181	7
2182	7
2183	7
2184	7
2185	7
2186	7
2187	7
2188	7
2189	7
2190	7
2191	7
2192	7
2193	7
2194	7
2195	7
2196	7
2197	7
2198	7
2199	7
2200	7
2201	7
2202	7
2203	7
2204	7
2205	7
2206	7
2207	7
2208	7
2209	7
2210	7
2211	7
2212	7
2213	7
2214	7
2215	7
2216	7
2217	7
2218	7
2219	7
2220	7
2221	7
2222	7
2223	7
2224	7
2225	7
2226	7
2227	7
2228	7
2229	7
2230	7
2231	7
2232	7
2233	7
2234	7
2235	7
2236	7
2237	7
2238	7
2239	7
2240	7
2241	7
2242	7
2243	7
2244	7
2245	7
2246	7
2247	7
2248	7
2249	7
2250	7
2251	7
2252	7
2253	7
2254	7
2255	7
2256	7
2257	7
2258	7
2259	7
2260	7
2261	7
2262	7
2263	7
2264	7
2265	7
2266	7
2267	7
2268	7
2269	7
2270	7
2271	7
2272	7
2273	7
2274	7
2275	7
2276	7
2277	7
2278	7
2279	7
2280	7
2281	7
2282	7
2283	7
2284	7
2285	7
2286	7
2287	7
2288	7
2289	7
2290	7
2291	7
2292	7
2293	7
2294	7
2295	7
2296	7
2297	7
2298	7
2299	7
2300	7
2301	7
2302	7
2303	7
2304	7
2305	7
2306	7
2307	7
2308	7
2309	7
2310	7
2311	7
2312	7
2313	7
2314	7
2315	7
2316	7
2317	7
2318	7
2319	7
2320	7
2321	7
2322	7
2323	7
2324	7
2325	7
2326	7
2327	7
2328	7
2329	7
2330	7
2331	7
2332	7
2333	8
2334	8
2335	8
2336	8
2337	8
2338	8
2339	8
2340	8
2341	8
2342	8
2343	8
2344	8
2345	8
2346	8
2347	8
2348	8
2349	8
2350	8
2351	8
2352	8
2353	8
2354	8
2355	8
2356	8
2357	8
2358	8
2359	8
2360	8
2361	8
2362	8
2363	8
2364	8
2365	8
2366	8
2367	8
2368	8
2369	8
2370	8
2371	8
2372	8
2373	8
2374	8
2375	8
2376	8
2377	8
2378	8
2379	8
2380	8
2381	8
2382	8
2383	8
2384	8
2385	8
2386	8
2387	8
2388	8
2389	8
2390	8
2391	8
2392	8
2393	8
2394	8
2395	8
2396	8
2397	8
2398	8
2399	8
2400	8
2401	8
2402	8
2403	8
2404	8
2405	8
2406	8
2407	8
2408	8
2409	8
2410	8
2411	8
2412	8
2413	8
2414	8
2415	8
2416	8
2417	8
2418	8
2419	8
2420	8
2421	8
2422	8
2423	8
2424	8
2425	8
2426	8
2427	8
2428	8
2429	8
2430	8
2431	8
2432	8
2433	8
2434	8
2435	8
2436	8
2437	8
2438	8
2439	8
2440	8
2441	8
2442	8
2443	8
2444	8
2445	8
2446	8
2447	8
2448	8
2449	8
2450	8
2451	8
2452	8
2453	8
2454	8
2455	8
2456	8
2457	8
2458	8
2459	8
2460	8
2461	8
2462	8
2463	8
2464	8
2465	8
2466	8
2467	8
2468	8
2469	8
2470	8
2471	8
2472	8
2473	8
2474	8
2475	8
2476	8
2477	8
2478	8
2479	8
2480	8
2481	8
2482	8
2483	8
2484	8
2485	8
2486	8
2487	8
2488	8
2489	8
2490	8
2491	8
2492	8
2493	8
2494	8
2495	8
2496	8
2497	8
2498	8
2499	8
2500	8
2501	8
2502	8
2503	8
2504	8
2505	8
2506	8
2507	8
2508	8
2509	8
2510	8
2511	8
2512	8
2513	8
2514	8
2515	8
2516	8
2517	8
2518	8
2519	8
2520	8
2521	8
2522	8
2523	8
2524	8
2525	8
2526	8
2527	8
2528	8
2529	8
2530	8
2531	8
2532	8
2533	8
2534	8
2535	8
2536	8
2537	8
2538	8
2539	8
2540	8
2541	8
2542	8
2543	8
2544	8
2545	8
2546	8
2547	8
2548	8
2549	8
2550	8
2551	8
2552	8
2553	8
2554	8
2555	8
2556	8
2557	8
2558	8
2559	8
2560	8
2561	8
2562	8
2563	8
2564	8
2565	8
2566	8
2567	8
2568	8
2569	8
2570	8
2571	8
2572	8
2573	8
2574	8
2575	8
2576	8
2577	8
2578	8
2579	8
2580	8
2581	8
2582	8
2583	8
2584	8
2585	8
2586	8
2587	8
2588	9
2589	9
2590	9
2591	9
2592	9
2593	9
2594	9
2595	9
2596	9
2597	9
2598	9
2599	9
2600	9
2601	9
2602	9
2603	9
2604	9
2605	9
2606	9
2607	9
2608	9
2609	9
2610	9
2611	9
2612	9
2613	9
2614	9
2615	9
2616	9
2617	9
2618	9
2619	9
2620	9
2621	9
2622	9
2623	9
2624	9
2625	9
2626	9
2627	9
2628	9
2629	9
2630	9
2631	9
2632	9
2633	9
2634	9
2635	9
2636	9
2637	9
2638	9
2639	9
2640	9
2641	9
2642	9
2643	9
2644	9
2645	9
2646	9
2647	9
2648	9
2649	9
2650	9
2651	9
2652	9
2653	9
2654	9
2655	9
2656	9
2657	9
2658	9
2659	9
2660	9
2661	9
2662	9
2663	9
2664	9
2665	9
2666	9
2667	9
2668	9
2669	9
2670	9
2671	9
2672	9
2673	9
2674	9
2675	9
2676	9
2677	9
2678	9
2679	9
2680	9
2681	9
2682	9
2683	9
2684	9
2685	9
2686	9
2687	9
2688	9
2689	9
2690	9
2691	9
2692	9
2693	9
2694	9
2695	9
2696	9
2697	9
2698	9
2699	9
2700	9
2701	9
2702	9
2703	9
2704	9
2705	9
2706	9
2707	9
2708	9
2709	9
2710	9
2711	9
2712	9
2713	9
2714	9
2715	9
2716	9
2717	9
2718	9
2719	9
2720	9
2721	9
2722	9
2723	9
2724	9
2725	9
2726	9
2727	9
2728	9
2729	9
2730	9
2731	9
2732	9
2733	9
2734	9
2735	9
2736	9
2737	9
2738	9
2739	9
2740	9
2741	9
2742	9
2743	9
2744	9
2745	9
2746	9
2747	9
2748	9
2749	9
2750	9
2751	9
2752	9
2753	9
2754	9
2755	9
2756	9
2757	9
2758	9
2759	9
2760	9
2761	9
2762	9
2763	9
2764	9
2765	9
2766	9
2767	9
2768	9
2769	9
2770	9
2771	9
2772	9
2773	9
2774	9
2775	9
2776	9
2777	9
2778	9
2779	9
2780	9
2781	9
2782	9
2783	9
2784	9
2785	9
2786	9
2787	9
2788	9
2789	9
2790	9
2791	9
2792	9
2793	9
2794	9
2795	9
2796	9
2797	9
2798	9
2799	9
2800	9
2801	9
2802	9
2803	9
2804	9
2805	9
2806	9
2807	9
2808	9
2809	9
2810	9
2811	9
2812	9
2813	9
2814	9
2815	9
2816	9
2817	9
2818	9
2819	9
2820	9
2821	9
2822	9
2823	9
2824	9
2825	9
2826	9
2827	9
2828	9
2829	9
2830	9
2831	9
2832	9
2833	9
2834	9
2835	9
2836	9
2837	9
2838	9
2839	9
2840	9
2841	9
2842	9
2843	9
2844	9
2845	9
2846	9
2847	9
2848	9
2849	9
2850	9
2851	9
2852	9
2853	9
2854	9
2855	9
2856	9
2857	9
2858	9
2859	9
2860	9
2861	9
2862	9
2863	9
2864	9
2865	9
2866	9
2867	9
2868	9
2869	9
2870	9
2871	9
2872	9
2873	9
2874	9
2875	9
2876	9
2877	9
2878	9
2879	9
2880	9
2881	9
2882	9
2883	9
2884	9
2885	9
2886	9
2887	9
2888	9
2889	9
2890	9
2891	9
2892	9
2893	9
2894	9
2895	9
2896	9
2897	9
2898	9
2899	9
2900	9
2901	9
2902	9
2903	9
2904	9
2905	9
2906	9
2907	9
2908	9
2909	9
2910	9
2911	9
2912	9
2913	9
2914	9
2915	9
2916	9
2917	9
2918	9
2919	9
2920	9
2921	9
2922	9
2923	9
2924	9
2925	9
2926	9
2927	9
2928	9
2929	9
2930	9
2931	9
2932	9
2933	9
2934	9
2935	9
2936	9
2937	9
2938	9
2939	9
2940	9
2941	9
2942	9
2943	9
2944	9
2945	9
2946	9
2947	9
2948	9
2949	9
2950	9
2951	9
2952	9
2953	9
2954	9
2955	9
2956	9
2957	9
2958	9
2959	9
2960	9
2961	9
2962	9
2963	9
2964	9
2965	9
2966	9
2967	9
2968	9
2969	9
2970	9
2971	9
2972	10
2973	10
2974	10
2975	10
2976	10
2977	10
2978	10
2979	10
2980	10
2981	10
2982	10
2983	10
2984	10
2985	10
2986	10
2987	10
2988	10
2989	10
2990	10
2991	10
2992	10
2993	10
2994	10
2995	10
2996	10
2997	10
2998	10
2999	10
3000	10
3001	10
3002	10
3003	10
3004	10
3005	10
3006	10
3007	10
3008	10
3009	10
3010	10
3011	10
3012	10
3013	10
3014	10
3015	10
3016	10
3017	10
3018	10
3019	10
3020	10
3021	10
3022	10
3023	10
3024	10
3025	10
3026	10
3027	10
3028	10
3029	10
3030	10
3031	10
3032	10
3033	10
3034	10
3035	10
3036	10
3037	10
3038	10
3039	10
3040	10
3041	10
3042	10
3043	10
3044	10
3045	10
3046	10
3047	10
3048	10
3049	10
3050	10
3051	10
3052	10
3053	10
3054	10
3055	10
3056	10
3057	10
3058	10
3059	10
3060	10
3061	10
3062	10
3063	10
3064	10
3065	10
3066	10
3067	10
3068	10
3069	10
3070	10
3071	10
3072	10
3073	10
3074	10
3075	10
3076	10
3077	10
3078	10
3079	10
3080	10
3081	10
3082	10
3083	10
3084	10
3085	10
3086	10
3087	10
3088	10
3089	10
3090	10
3091	10
3092	10
3093	10
3094	10
3095	10
3096	10
3097	10
3098	10
3099	10
3100	10
3101	10
3102	10
3103	10
3104	10
3105	10
3106	10
3107	10
3108	10
3109	10
3110	10
3111	10
3112	10
3113	10
3114	10
3115	10
3116	10
3117	10
3118	10
3119	10
3120	10
3121	10
3122	10
3123	10
3124	10
3125	10
3126	10
3127	10
3128	10
3129	10
3130	10
3131	10
3132	10
3133	10
3134	10
3135	10
3136	10
3137	10
3138	10
3139	10
3140	10
3141	10
3142	10
3143	10
3144	10
3145	10
3146	10
3147	10
3148	10
3149	10
3150	10
3151	10
3152	10
3153	10
3154	10
3155	10
3156	10
3157	10
3158	10
3159	10
3160	10
3161	10
3162	10
3163	10
3164	10
3165	10
3166	10
3167	10
3168	10
3169	10
3170	10
3171	10
3172	10
3173	10
3174	10
3175	10
3176	10
3177	10
3178	10
3179	10
3180	10
3181	10
3182	10
3183	10
3184	10
3185	11
3186	11
3187	11
3188	11
3189	11
3190	11
3191	11
3192	11
3193	11
3194	11
3195	11
3196	11
3197	11
3198	11
3199	11
3200	11
3201	11
3202	11
3203	11
3204	11
3205	11
3206	11
3207	11
3208	11
3209	11
3210	11
3211	11
3212	11
3213	11
3214	11
3215	11
3216	11
3217	11
3218	11
3219	11
3220	11
3221	11
3222	11
3223	11
3224	11
3225	11
3226	11
3227	11
3228	11
3229	11
3230	11
3231	11
3232	11
3233	11
3234	11
3235	11
3236	11
3237	11
3238	11
3239	11
3240	11
3241	11
3242	11
3243	11
3244	11
3245	11
3246	11
3247	11
3248	11
3249	11
3250	11
3251	11
3252	11
3253	11
3254	11
3255	11
3256	11
3257	11
3258	11
3259	11
3260	11
3261	11
3262	11
3263	11
3264	11
3265	11
3266	11
3267	11
3268	11
3269	11
3270	11
3271	11
3272	11
3273	11
3274	11
3275	11
3276	11
3277	11
3278	11
3279	11
3280	11
3281	11
3282	11
3283	11
3284	11
3285	11
3286	11
3287	11
3288	11
3289	11
3290	11
3291	11
3292	11
3293	11
3294	11
3295	11
3296	11
3297	11
3298	11
3299	11
3300	11
3301	11
3302	11
3303	11
3304	11
3305	11
3306	11
3307	11
3308	11
3309	11
3310	11
3311	11
3312	11
3313	11
3314	11
3315	11
3316	11
3317	11
3318	11
3319	11
3320	11
3321	11
3322	11
3323	11
3324	11
3325	11
3326	11
3327	11
3328	11
3329	11
3330	11
3331	11
3332	11
3333	11
3334	11
3335	11
3336	11
3337	11
3338	11
3339	11
3340	11
3341	11
3342	11
3343	11
3344	11
3345	11
3346	11
3347	11
3348	11
3349	11
3350	11
3351	11
3352	11
3353	11
3354	11
3355	11
3356	11
3357	11
3358	11
3359	11
3360	11
3361	11
3362	11
3363	11
3364	11
3365	11
3366	11
3367	11
3368	11
3369	11
3370	11
3371	11
3372	11
3373	11
3374	11
3375	11
3376	11
3377	11
3378	11
3379	11
3380	11
3381	11
3382	11
3383	11
3384	11
3385	11
3386	11
3387	11
3388	11
3389	11
3390	11
3391	11
3392	11
3393	11
3394	11
3395	11
3396	11
3397	11
3398	11
3399	11
3400	11
3401	11
3402	11
3403	11
3404	11
3405	11
3406	11
3407	11
3408	11
3409	11
3410	11
3411	11
3412	11
3413	11
3414	11
3415	11
3416	11
3417	11
3418	11
3419	11
3420	11
3421	11
3422	11
3423	11
3424	11
3425	11
3426	11
3427	11
3428	11
3429	11
3430	11
3431	11
3432	11
3433	11
3434	11
3435	11
3436	11
3437	11
3438	11
3439	11
3440	11
3441	11
3442	11
3443	11
3444	11
3445	11
3446	11
3447	11
3448	11
3449	11
3450	11
3451	11
3452	11
3453	11
3454	11
3455	11
3456	11
3457	11
3458	11
3459	11
3460	11
3461	11
3462	11
3463	11
3464	11
3465	11
3466	11
3467	11
3468	11
3469	11
3470	11
3471	11
3472	11
3473	11
3474	11
3475	11
3476	11
3477	11
3478	11
3479	11
3480	11
3481	11
3482	11
3483	11
3484	11
3485	11
3486	11
3487	11
3488	11
3489	11
3490	11
3491	11
3492	11
3493	11
3494	11
3495	11
3496	11
3497	11
3498	11
3499	11
3500	11
3501	11
3502	11
3503	11
3504	11
3505	11
3506	11
3507	11
3508	11
3509	11
3510	11
3511	11
3512	11
3513	11
3514	11
3515	11
3516	11
3517	11
3518	11
3519	11
3520	11
3521	11
3522	11
3523	11
3524	11
3525	11
3526	11
3527	11
3528	11
3529	11
3530	11
3531	11
3532	11
3533	11
3534	11
3535	11
3536	11
3537	11
3538	11
3539	11
3540	11
3541	11
3542	11
3543	11
3544	11
3545	11
3546	11
3547	11
3548	11
3549	11
3550	11
3551	11
3552	11
3553	11
3554	11
3555	11
3556	11
3557	11
3558	11
3559	11
3560	11
3561	11
3562	11
3563	11
3564	11
3565	11
3566	11
3567	11
3568	11
3569	11
3570	11
3571	11
3572	11
3573	11
3574	11
3575	11
3576	11
3577	11
3578	11
3579	11
3580	11
3581	11
3582	11
3583	11
3584	11
3585	11
3586	11
3587	11
3588	11
3589	11
3590	11
3591	11
3592	11
3593	11
3594	11
3595	11
3596	11
3597	11
3598	11
3599	11
3600	11
3601	11
3602	11
3603	11
3604	11
3605	11
3606	11
3607	11
3608	11
3609	11
3610	11
3611	11
3612	11
3613	12
3614	12
3615	12
3616	12
3617	12
3618	12
3619	12
3620	12
3621	12
3622	12
3623	12
3624	12
3625	12
3626	12
3627	12
3628	12
3629	12
3630	12
3631	12
3632	12
3633	12
3634	12
3635	12
3636	12
3637	12
3638	12
3639	12
3640	12
3641	12
3642	12
3643	12
3644	12
3645	12
3646	12
3647	12
3648	12
3649	12
3650	12
3651	12
3652	12
3653	12
3654	12
3655	12
3656	12
3657	12
3658	12
3659	12
3660	12
3661	12
3662	12
3663	12
3664	12
3665	12
3666	12
3667	12
3668	12
3669	12
3670	12
3671	12
3672	12
3673	12
3674	12
3675	12
3676	12
3677	12
3678	12
3679	12
3680	12
3681	12
3682	12
3683	12
3684	12
3685	12
3686	12
3687	12
3688	12
3689	12
3690	12
3691	12
3692	12
3693	12
3694	12
3695	12
3696	12
3697	12
3698	12
3699	12
3700	12
3701	12
3702	12
3703	12
3704	12
3705	12
3706	12
3707	12
3708	12
3709	12
3710	12
3711	12
3712	12
3713	12
3714	12
3715	12
3716	12
3717	12
3718	12
3719	12
3720	12
3721	12
3722	12
3723	12
3724	12
3725	12
3726	12
3727	12
3728	12
3729	12
3730	12
3731	12
3732	12
3733	12
3734	12
3735	12
3736	12
3737	12
3738	12
3739	12
3740	12
3741	12
3742	12
3743	12
3744	12
3745	12
3746	12
3747	12
3748	12
3749	12
3750	12
3751	12
3752	12
3753	12
3754	12
3755	12
3756	12
3757	12
3758	12
3759	12
3760	12
3761	12
3762	12
3763	12
3764	12
3765	12
3766	12
3767	12
3768	12
3769	12
3770	12
3771	12
3772	12
3773	12
3774	12
3775	12
3776	12
3777	12
3778	12
3779	12
3780	12
3781	12
3782	12
3783	12
3784	12
3785	12
3786	12
3787	12
3788	12
3789	12
3790	12
3791	12
3792	12
3793	12
3794	12
3795	12
3796	12
3797	12
3798	12
3799	12
3800	12
3801	12
3802	12
3803	12
3804	12
3805	12
3806	12
3807	12
3808	12
3809	12
3810	12
3811	12
3812	12
3813	12
3814	12
3815	12
3816	12
3817	12
3818	12
3819	12
3820	12
3821	12
3822	12
3823	12
3824	12
3825	12
3826	12
3827	12
3828	12
3829	12
3830	12
3831	12
3832	12
3833	12
3834	12
3835	12
3836	12
3837	12
3838	12
3839	12
3840	12
3841	12
3842	12
3843	12
3844	12
3845	12
3846	12
3847	12
3848	12
3849	12
3850	12
3851	12
3852	12
3853	12
3854	12
3855	12
3856	12
3857	12
3858	12
3859	12
3860	12
3861	12
3862	12
3863	12
3864	12
3865	12
3866	12
3867	12
3868	12
3869	12
3870	12
3871	12
3872	12
3873	12
3874	12
3875	12
3876	12
3877	12
3878	12
3879	12
3880	12
3881	12
3882	12
3883	12
3884	12
3885	12
3886	12
3887	12
3888	12
3889	12
3890	12
3891	12
3892	12
3893	12
3894	12
3895	12
3896	12
3897	12
3898	12
3899	12
3900	12
3901	12
3902	12
3903	12
3904	12
3905	12
3906	12
3907	12
3908	12
3909	12
3910	12
3911	12
3912	12
3913	12
3914	12
3915	12
3916	12
3917	12
3918	12
3919	12
3920	12
3921	12
3922	12
3923	12
3924	13
3925	13
3926	13
3927	13
3928	13
3929	13
3930	13
3931	13
3932	13
3933	13
3934	13
3935	13
3936	13
3937	13
3938	13
3939	13
3940	13
3941	13
3942	13
3943	13
3944	13
3945	13
3946	13
3947	13
3948	13
3949	13
3950	13
3951	13
3952	13
3953	13
3954	13
3955	13
3956	13
3957	13
3958	13
3959	13
3960	13
3961	13
3962	13
3963	13
3964	13
3965	13
3966	13
3967	13
3968	13
3969	13
3970	13
3971	13
3972	13
3973	13
3974	13
3975	13
3976	13
3977	13
3978	13
3979	13
3980	13
3981	13
3982	13
3983	13
3984	13
3985	13
3986	13
3987	13
3988	13
3989	13
3990	13
3991	13
3992	13
3993	13
3994	13
3995	13
3996	13
3997	13
3998	13
3999	13
4000	13
4001	13
4002	13
4003	13
4004	13
4005	13
4006	13
4007	13
4008	13
4009	13
4010	13
4011	13
4012	13
4013	13
4014	13
4015	13
4016	13
4017	13
4018	13
4019	13
4020	13
4021	13
4022	13
4023	13
4024	13
4025	13
4026	13
4027	13
4028	13
4029	13
4030	13
4031	13
4032	13
4033	13
4034	13
4035	13
4036	13
4037	13
4038	13
4039	13
4040	13
4041	13
4042	13
4043	13
4044	13
4045	13
4046	13
4047	13
4048	13
4049	13
4050	13
4051	13
4052	13
4053	13
4054	13
4055	13
4056	13
4057	13
4058	13
4059	13
4060	13
4061	13
4062	13
4063	13
4064	13
4065	13
4066	13
4067	13
4068	13
4069	13
4070	13
4071	13
4072	13
4073	13
4074	13
4075	13
4076	13
4077	13
4078	13
4079	13
4080	13
4081	13
4082	13
4083	13
4084	13
4085	13
4086	13
4087	13
4088	13
4089	13
4090	13
4091	13
4092	13
4093	13
4094	13
4095	13
4096	13
4097	13
4098	13
4099	13
4100	13
4101	13
4102	13
4103	13
4104	13
4105	13
4106	13
4107	13
4108	13
4109	13
4110	13
4111	13
4112	13
4113	13
4114	13
4115	13
4116	13
4117	13
4118	13
4119	13
4120	13
4121	13
4122	13
4123	13
4124	13
4125	13
4126	13
4127	13
4128	13
4129	13
4130	13
4131	13
4132	13
4133	13
4134	13
4135	13
4136	13
4137	13
4138	13
4139	13
4140	13
4141	13
4142	13
4143	13
4144	14
4145	14
4146	14
4147	14
4148	14
4149	14
4150	14
4151	14
4152	14
4153	14
4154	14
4155	14
4156	14
4157	14
4158	14
4159	14
4160	14
4161	14
4162	14
4163	14
4164	14
4165	14
4166	14
4167	14
4168	14
4169	14
4170	14
4171	14
4172	14
4173	14
4174	14
4175	14
4176	14
4177	14
4178	14
4179	14
4180	14
4181	14
4182	14
4183	14
4184	14
4185	14
4186	14
4187	14
4188	14
4189	14
4190	14
4191	14
4192	14
4193	14
4194	14
4195	14
4196	14
4197	14
4198	14
4199	14
4200	14
4201	14
4202	14
4203	14
4204	14
4205	14
4206	14
4207	14
4208	14
4209	14
4210	14
4211	14
4212	14
4213	14
4214	14
4215	14
4216	14
4217	14
4218	14
4219	14
4220	14
4221	14
4222	14
4223	14
4224	14
4225	14
4226	14
4227	14
4228	14
4229	14
4230	14
4231	14
4232	14
4233	14
4234	14
4235	14
4236	14
4237	14
4238	14
4239	14
4240	14
4241	14
4242	14
4243	14
4244	14
4245	14
4246	14
4247	14
4248	14
4249	14
4250	14
4251	14
4252	14
4253	14
4254	14
4255	14
4256	14
4257	14
4258	14
4259	14
4260	14
4261	14
4262	14
4263	14
4264	14
4265	14
4266	14
4267	14
4268	14
4269	14
4270	14
4271	14
4272	14
4273	14
4274	14
4275	14
4276	14
4277	14
4278	14
4279	14
4280	14
4281	14
4282	14
4283	14
4284	14
4285	14
4286	14
4287	14
4288	14
4289	14
4290	14
4291	14
4292	14
4293	14
4294	14
4295	14
4296	14
4297	14
4298	14
4299	14
4300	14
4301	14
4302	14
4303	14
4304	14
4305	14
4306	14
4307	14
4308	14
4309	14
4310	14
4311	14
4312	14
4313	14
4314	14
4315	14
4316	14
4317	14
4318	14
4319	14
4320	14
4321	14
4322	14
4323	14
4324	14
4325	14
4326	14
4327	14
4328	14
4329	14
4330	14
4331	14
4332	14
4333	14
4334	14
4335	14
4336	14
4337	14
4338	14
4339	14
4340	14
4341	14
4342	14
4343	14
4344	14
4345	14
4346	14
4347	14
4348	14
4349	14
4350	14
4351	14
4352	14
4353	14
4354	14
4355	14
4356	14
4357	14
4358	14
4359	14
4360	14
4361	14
4362	14
4363	14
4364	14
4365	14
4366	14
4367	14
4368	14
4369	14
4370	14
4371	14
4372	14
4373	14
4374	14
4375	14
4376	14
4377	14
4378	14
4379	14
4380	14
4381	14
4382	14
4383	14
4384	14
4385	14
4386	14
4387	14
4388	14
4389	14
4390	14
4391	14
4392	14
4393	14
4394	14
4395	14
4396	14
4397	14
4398	14
4399	14
4400	14
4401	14
4402	14
4403	14
4404	14
4405	14
4406	14
4407	14
4408	14
4409	14
4410	14
4411	14
4412	14
4413	14
4414	14
4415	14
4416	14
4417	14
4418	14
4419	14
4420	14
4421	14
4422	14
4423	14
4424	14
4425	14
4426	14
4427	14
4428	14
4429	14
4430	14
4431	14
4432	14
4433	14
4434	14
4435	14
4436	14
4437	14
4438	14
4439	14
4440	14
4441	14
4442	14
4443	14
4444	14
4445	14
4446	14
4447	14
4448	14
4449	14
4450	14
4451	14
4452	14
4453	14
4454	14
4455	14
4456	14
4457	14
4458	14
4459	14
4460	14
4461	14
4462	14
4463	14
4464	14
4465	14
4466	14
4467	14
4468	14
4469	14
4470	14
4471	14
4472	14
4473	14
4474	14
4475	14
4476	14
4477	14
4478	14
4479	14
4480	14
4481	14
4482	14
4483	14
4484	14
4485	14
4486	14
4487	14
4488	14
4489	14
4490	14
4491	14
4492	14
4493	14
4494	14
4495	14
4496	14
4497	14
4498	14
4499	14
4500	14
4501	14
4502	14
4503	14
4504	14
4505	14
4506	14
4507	14
4508	14
4509	14
4510	14
4511	14
4512	14
4513	14
4514	14
4515	14
4516	14
4517	14
4518	14
4519	14
4520	14
4521	14
4522	14
4523	14
4524	14
4525	14
4526	14
4527	14
4528	14
4529	14
4530	14
4531	14
4532	14
4533	14
4534	14
4535	14
4536	14
4537	14
4538	14
4539	14
4540	14
4541	14
4542	14
4543	14
4544	14
4545	14
4546	14
4547	14
4548	14
4549	14
4550	14
4551	14
4552	14
4553	14
4554	14
4555	14
4556	14
4557	14
4558	14
4559	14
4560	14
4561	14
4562	14
4563	14
4564	14
4565	14
4566	14
4567	14
4568	14
4569	14
4570	14
4571	14
4572	14
4573	14
4574	14
4575	14
4576	14
4577	14
4578	14
4579	14
4580	14
4581	14
4582	14
4583	14
4584	14
4585	14
4586	14
4587	14
4588	14
4589	14
4590	14
4591	14
4592	14
4593	14
4594	14
4595	14
4596	14
4597	14
4598	14
4599	14
4600	14
4601	14
4602	14
4603	14
4604	14
4605	14
4606	14
4607	14
4608	14
4609	14
4610	14
4611	14
4612	14
4613	14
4614	14
4615	14
4616	14
4617	14
4618	14
4619	14
4620	14
4621	14
4622	14
4623	14
4624	14
4625	14
4626	14
4627	14
4628	14
4629	14
4630	14
4631	14
4632	14
4633	14
4634	14
4635	15
4636	15
4637	15
4638	15
4639	15
4640	15
4641	15
4642	15
4643	15
4644	15
4645	15
4646	15
4647	15
4648	15
4649	15
4650	15
4651	15
4652	15
4653	15
4654	15
4655	15
4656	15
4657	15
4658	15
4659	15
4660	15
4661	15
4662	15
4663	15
4664	15
4665	15
4666	15
4667	15
4668	15
4669	15
4670	15
4671	15
4672	15
4673	15
4674	15
4675	15
4676	15
4677	15
4678	15
4679	15
4680	15
4681	15
4682	15
4683	15
4684	15
4685	15
4686	15
4687	15
4688	15
4689	15
4690	15
4691	15
4692	15
4693	15
4694	15
4695	15
4696	15
4697	15
4698	15
4699	15
4700	15
4701	15
4702	15
4703	15
4704	15
4705	15
4706	15
4707	15
4708	15
4709	15
4710	15
4711	15
4712	15
4713	15
4714	15
4715	15
4716	15
4717	15
4718	15
4719	15
4720	15
4721	15
4722	15
4723	15
4724	15
4725	15
4726	15
4727	15
4728	15
4729	15
4730	15
4731	15
4732	15
4733	15
4734	15
4735	15
4736	15
4737	15
4738	15
4739	15
4740	15
4741	15
4742	15
4743	15
4744	15
4745	15
4746	15
4747	15
4748	15
4749	15
4750	15
4751	15
4752	15
4753	15
4754	15
4755	15
4756	15
4757	15
4758	15
4759	15
4760	15
4761	15
4762	15
4763	15
4764	15
4765	15
4766	15
4767	15
4768	15
4769	15
4770	15
4771	15
4772	15
4773	15
4774	15
4775	15
4776	15
4777	15
4778	15
4779	15
4780	15
4781	15
4782	15
4783	15
4784	15
4785	15
4786	15
4787	15
4788	15
4789	15
4790	15
4791	15
4792	15
4793	15
4794	15
4795	15
4796	15
4797	15
4798	15
4799	15
4800	15
4801	15
4802	15
4803	15
4804	15
4805	15
4806	15
4807	15
4808	15
4809	15
4810	15
4811	15
4812	15
4813	15
4814	15
4815	15
4816	15
4817	15
4818	15
4819	15
4820	15
4821	15
4822	15
4823	15
4824	15
4825	15
4826	15
4827	15
4828	15
4829	15
4830	15
4831	15
4832	15
4833	15
4834	15
4835	15
4836	15
4837	15
4838	15
4839	15
4840	15
4841	15
4842	15
4843	15
4844	15
4845	15
4846	15
4847	15
4848	15
4849	15
4850	15
4851	15
4852	15
4853	15
4854	15
4855	15
4856	15
4857	15
4858	15
4859	15
4860	15
4861	15
4862	15
4863	15
4864	15
4865	15
4866	15
4867	15
4868	15
4869	15
4870	15
4871	15
4872	15
4873	15
4874	15
4875	15
4876	15
4877	15
4878	15
4879	15
4880	15
4881	15
4882	15
4883	15
4884	15
4885	15
4886	15
4887	15
4888	15
4889	15
4890	15
4891	15
4892	15
4893	15
4894	15
4895	15
4896	15
4897	15
4898	15
4899	15
4900	15
4901	15
4902	15
4903	15
4904	15
4905	15
4906	15
4907	15
4908	15
4909	15
4910	15
4911	15
4912	15
4913	15
4914	15
4915	15
4916	15
4917	15
4918	15
4919	15
4920	15
4921	15
4922	15
4923	15
4924	15
4925	15
4926	15
4927	15
4928	15
4929	15
4930	15
4931	15
4932	15
4933	15
4934	15
4935	15
4936	15
4937	15
4938	15
4939	15
4940	15
4941	15
4942	15
4943	15
4944	15
4945	15
4946	15
4947	15
4948	15
4949	15
4950	15
4951	15
4952	15
4953	15
4954	15
4955	15
4956	15
4957	15
4958	15
4959	15
4960	15
4961	15
4962	15
4963	15
4964	15
4965	15
4966	15
4967	15
4968	15
4969	15
4970	15
4971	15
4972	15
4973	15
4974	15
4975	15
4976	15
4977	15
4978	15
4979	15
4980	15
4981	15
4982	15
4983	15
4984	15
4985	15
4986	15
4987	15
4988	15
4989	15
4990	15
4991	15
4992	15
4993	15
4994	15
4995	15
4996	15
4997	15
4998	15
4999	15
5000	15
