1	68
1	243
1	284
1	307
2	190
2	268
2	290
2	294
3	129
3	235
3	264
3	400
4	143
4	157
4	222
4	308
5	8
5	281
5	293
5	480
6	22
6	247
6	306
6	494
7	8
7	17
7	226
7	300
8	5
8	7
8	240
8	313
9	89
9	212
9	268
9	314
10	118
10	137
10	300
10	307
11	68
11	147
11	242
11	296
12	22
12	172
12	280
12	488
13	98
13	238
13	266
13	468
14	24
14	157
14	290
14	308
15	192
15	247
15	271
15	313
16	128
16	239
16	303
16	314
17	7
17	140
17	256
17	313
18	114
18	141
18	246
18	310
19	109
19	262
19	273
19	474
20	27
20	28
20	137
20	191
21	168
21	241
21	255
21	281
22	6
22	12
22	95
22	96
23	190
23	207
23	293
23	313
24	14
24	194
24	206
24	266
25	112
25	138
25	174
25	308
26	179
26	258
26	271
26	307
27	20
27	218
27	237
27	249
28	20
28	66
28	130
28	189
29	262
29	289
29	298
29	308
30	179
30	285
30	287
30	293
31	101
31	105
31	234
31	276
32	283
32	284
32	295
32	483
33	77
33	136
33	150
33	299
34	240
34	284
34	299
34	310
35	70
35	172
35	242
35	307
36	260
36	288
36	308
36	310
37	265
37	272
37	294
37	299
38	63
38	133
38	195
38	273
39	74
39	160
39	300
39	302
40	269
40	274
40	291
40	301
41	136
41	239
41	280
41	302
42	181
42	206
42	238
42	274
43	294
43	303
43	310
43	387
44	151
44	178
44	265
44	312
45	86
45	121
45	309
45	314
46	56
46	236
46	290
46	300
47	88
47	117
47	286
47	313
48	246
48	298
48	302
48	481
49	232
49	246
49	310
49	372
50	116
50	285
50	296
50	307
51	170
51	255
51	278
51	303
52	207
52	277
52	292
52	306
53	86
53	286
53	293
53	297
54	195
54	217
54	275
54	310
55	121
55	244
55	250
55	303
56	46
56	206
56	262
56	312
57	122
57	197
57	289
57	314
58	143
58	282
58	298
58	314
59	261
59	276
59	277
59	292
60	202
60	298
60	301
60	310
61	151
61	167
61	201
61	256
62	75
62	252
62	302
62	307
63	38
63	156
63	190
63	458
64	173
64	268
64	309
64	313
65	238
65	276
65	294
65	303
66	28
66	84
66	142
66	222
67	79
67	239
67	250
67	271
68	1
68	11
68	289
68	303
69	121
69	201
69	244
69	259
70	35
70	287
70	313
70	446
71	107
71	120
71	277
71	278
72	205
72	229
72	240
72	287
73	208
73	252
73	311
73	313
74	39
74	133
74	257
74	299
75	62
75	256
75	307
75	498
76	177
76	216
76	294
76	301
77	33
77	185
77	274
77	277
78	217
78	264
78	291
78	399
79	67
79	107
79	172
79	190
80	168
80	184
80	234
80	244
80	306
81	186
81	245
81	296
81	301
81	305
82	95
82	161
82	230
82	250
82	293
83	158
83	194
83	211
83	240
83	299
84	66
84	135
84	278
84	289
84	300
85	162
85	233
85	283
85	302
85	303
86	45
86	53
86	175
86	287
86	289
87	169
87	183
87	283
87	296
87	411
88	47
88	131
88	303
88	304
88	494
89	9
89	135
89	261
89	270
89	295
90	134
90	163
90	227
90	294
90	296
91	175
91	176
91	262
91	278
91	284
92	215
92	275
92	298
92	302
92	499
93	271
93	277
93	281
93	290
93	481
94	127
94	278
94	287
94	300
94	426
95	22
95	82
95	163
95	202
95	310
96	22
96	111
96	162
96	214
96	312
97	153
97	178
97	191
97	260
97	303
98	13
98	226
98	296
98	300
98	313
99	161
99	187
99	232
99	251
99	308
100	262
100	269
100	301
100	304
100	449
101	31
101	149
101	253
101	279
101	500
102	208
102	243
102	251
102	304
102	490
103	127
103	171
103	187
103	293
103	311
104	229
104	246
104	280
104	284
104	312
105	31
105	206
105	250
105	275
105	309
106	113
106	123
106	291
106	314
106	418
107	71
107	79
107	259
107	277
107	302
108	227
108	258
108	283
108	303
108	309
109	19
109	245
109	261
109	285
109	297
110	189
110	204
110	255
110	278
110	311
111	96
111	210
111	267
111	303
111	314
112	25
112	212
112	233
112	290
112	294
113	106
113	252
113	267
113	309
113	474
114	18
114	160
114	263
114	308
114	313
115	125
115	224
115	237
115	281
115	313
116	50
116	241
116	243
116	271
116	303
117	47
117	144
117	145
117	285
117	475
118	10
118	194
118	265
118	298
118	307
119	235
119	237
119	296
119	299
119	300
120	71
120	200
120	256
120	288
120	312
121	45
121	55
121	69
121	299
121	303
122	57
122	181
122	233
122	239
122	296
123	106
123	138
123	221
123	249
123	314
124	206
124	210
124	259
124	269
124	301
125	115
125	137
125	207
125	225
125	260
126	156
126	190
126	262
126	298
126	490
127	94
127	103
127	158
127	200
127	265
127	313
128	16
128	258
128	261
128	295
128	304
128	313
129	3
129	291
129	292
129	295
129	300
129	305
130	28
130	156
130	260
130	291
130	295
130	307
131	88
131	165
131	214
131	280
131	282
131	303
132	149
132	151
132	199
132	246
132	281
132	308
133	38
133	74
133	213
133	266
133	303
133	314
134	90
134	222
134	272
134	298
134	310
134	312
135	84
135	89
135	229
135	289
135	312
135	313
136	33
136	41
136	213
136	281
136	299
136	301
137	10
137	20
137	125
137	162
137	179
137	232
138	25
138	123
138	286
138	291
138	310
138	473
139	165
139	203
139	271
139	282
139	304
139	311
140	17
140	216
140	219
140	271
140	287
140	314
141	18
141	267
141	274
141	301
141	304
141	377
142	66
142	192
142	203
142	225
142	253
142	259
143	4
143	58
143	166
143	268
143	296
143	314
144	117
144	150
144	263
144	295
144	311
144	374
145	117
145	243
145	250
145	256
145	278
145	310
146	196
146	267
146	277
146	280
146	291
146	294
147	11
147	188
147	276
147	289
147	290
147	297
148	170
148	271
148	278
148	282
148	297
148	462
149	101
149	132
149	211
149	255
149	299
149	304
150	33
150	144
150	267
150	288
150	304
150	310
151	44
151	61
151	132
151	285
151	295
151	307
152	279
152	303
152	304
152	307
152	312
152	476
153	97
153	221
153	264
153	278
153	294
153	298
154	193
154	241
154	258
154	270
154	288
154	309
155	249
155	268
155	292
155	296
155	300
155	309
156	63
156	126
156	130
156	223
156	293
156	352
157	4
157	14
157	208
157	229
157	258
157	309
158	83
158	127
158	282
158	293
158	314
158	409
159	182
159	212
159	263
159	280
159	311
159	447
160	39
160	114
160	262
160	272
160	279
160	485
161	82
161	99
161	289
161	297
161	300
161	495
162	85
162	96
162	137
162	270
162	285
162	312
163	90
163	95
163	260
163	267
163	286
163	479
164	257
164	261
164	265
164	279
164	303
164	306
164	417
165	131
165	139
165	225
165	249
165	276
165	303
165	304
166	143
166	182
166	222
166	258
166	262
166	273
166	276
167	61
167	257
167	268
167	273
167	292
167	295
167	308
168	21
168	80
168	231
168	262
168	272
168	306
168	314
169	87
169	220
169	231
169	270
169	275
169	288
169	314
170	51
170	148
170	231
170	240
170	282
170	312
170	370
171	103
171	285
171	291
171	306
171	308
171	311
171	497
172	12
172	35
172	79
172	248
172	256
172	305
172	313
173	64
173	228
173	230
173	231
173	303
173	305
173	306
174	25
174	211
174	257
174	280
174	292
174	294
174	311
175	86
175	91
175	199
175	209
175	269
175	284
175	310
176	91
176	187
176	199
176	245
176	281
176	308
176	310
177	76
177	216
177	242
177	276
177	310
177	311
177	347
178	44
178	97
178	267
178	273
178	295
178	299
178	486
179	26
179	30
179	137
179	224
179	270
179	297
179	312
180	250
180	255
180	268
180	295
180	301
180	306
180	308
181	42
181	122
181	192
181	296
181	312
181	313
181	350
182	159
182	166
182	230
182	258
182	303
182	305
182	312
182	313
183	87
183	194
183	200
183	217
183	228
183	311
183	312
183	477
184	80
184	195
184	198
184	214
184	270
184	278
184	308
184	309
185	77
185	215
185	242
185	277
185	282
185	283
185	296
185	496
186	81
186	236
186	248
186	279
186	305
186	309
186	313
186	441
187	99
187	103
187	176
187	242
187	276
187	281
187	292
187	293
188	147
188	201
188	215
188	248
188	259
188	272
188	294
188	305
189	28
189	110
189	198
189	251
189	281
189	294
189	299
189	301
190	2
190	23
190	63
190	79
190	126
190	244
190	276
190	308
191	20
191	97
191	219
191	232
191	288
191	296
191	305
191	314
192	15
192	142
192	181
192	255
192	266
192	282
192	291
192	381
193	154
193	237
193	241
193	242
193	264
193	287
193	309
193	312
194	24
194	83
194	118
194	183
194	241
194	247
194	282
194	307
195	38
195	54
195	184
195	231
195	237
195	265
195	300
195	311
195	462
196	146
196	206
196	269
196	273
196	286
196	290
196	292
196	311
196	470
197	57
197	207
197	218
197	241
197	272
197	292
197	309
197	312
197	425
198	184
198	189
198	209
198	242
198	263
198	269
198	274
198	292
198	310
199	132
199	175
199	176
199	228
199	249
199	275
199	305
199	309
199	353
200	120
200	127
200	183
200	220
200	281
200	289
200	299
200	300
200	499
201	61
201	69
201	188
201	218
201	274
201	285
201	293
201	309
201	312
202	60
202	95
202	208
202	224
202	228
202	239
202	277
202	299
202	422
203	139
203	142
203	251
203	259
203	272
203	280
203	289
203	308
203	310
204	110
204	243
204	280
204	282
204	301
204	305
204	309
204	311
204	469
205	72
205	229
205	236
205	260
205	284
205	299
205	303
205	310
205	342
206	24
206	42
206	56
206	105
206	124
206	196
206	303
206	308
206	311
207	23
207	52
207	125
207	197
207	240
207	270
207	273
207	301
207	314
208	73
208	102
208	157
208	202
208	214
208	229
208	248
208	265
208	300
209	175
209	198
209	254
209	272
209	283
209	293
209	302
209	305
209	307
210	111
210	124
210	263
210	269
210	274
210	283
210	297
210	307
210	496
211	83
211	149
211	174
211	238
211	253
211	301
211	306
211	308
211	314
212	9
212	112
212	159
212	244
212	253
212	277
212	298
212	306
212	465
213	133
213	136
213	230
213	250
213	258
213	282
213	296
213	300
213	309
213	313
214	96
214	131
214	184
214	208
214	225
214	275
214	298
214	311
214	312
214	314
215	92
215	185
215	188
215	238
215	268
215	270
215	284
215	295
215	302
215	456
216	76
216	140
216	177
216	218
216	246
216	293
216	297
216	299
216	314
216	482
217	54
217	78
217	183
217	224
217	231
217	249
217	282
217	295
217	309
217	429
218	27
218	197
218	201
218	216
218	254
218	286
218	294
218	307
218	314
218	452
219	140
219	191
219	242
219	244
219	255
219	257
219	275
219	294
219	301
219	314
220	169
220	200
220	245
220	292
220	296
220	307
220	308
220	309
220	312
220	344
221	123
221	153
221	260
221	281
221	293
221	298
221	299
221	310
221	314
221	493
222	4
222	66
222	134
222	166
222	253
222	259
222	289
222	296
222	308
222	309
223	156
223	236
223	246
223	251
223	274
223	277
223	292
223	296
223	299
223	421
224	115
224	179
224	202
224	217
224	235
224	269
224	273
224	276
224	310
224	427
225	125
225	142
225	165
225	214
225	271
225	275
225	283
225	289
225	311
225	312
225	313
226	7
226	98
226	227
226	251
226	254
226	270
226	275
226	301
226	304
226	306
226	369
227	90
227	108
227	226
227	236
227	281
227	282
227	286
227	302
227	304
227	309
227	317
228	173
228	183
228	199
228	202
228	252
228	255
228	283
228	296
228	300
228	308
228	313
229	72
229	104
229	135
229	157
229	205
229	208
229	240
229	242
229	288
229	291
229	306
230	82
230	173
230	182
230	213
230	247
230	257
230	287
230	297
230	307
230	312
230	413
231	168
231	169
231	170
231	173
231	195
231	217
231	284
231	296
231	297
231	302
231	305
232	49
232	99
232	137
232	191
232	240
232	287
232	291
232	301
232	302
232	311
232	314
233	85
233	112
233	122
233	266
233	278
233	285
233	295
233	297
233	300
233	312
233	313
233	483
234	31
234	80
234	254
234	282
234	285
234	286
234	300
234	306
234	307
234	309
234	311
234	314
235	3
235	119
235	224
235	238
235	242
235	262
235	266
235	287
235	290
235	302
235	304
235	312
236	46
236	186
236	205
236	223
236	227
236	251
236	257
236	263
236	273
236	299
236	301
236	473
237	27
237	115
237	119
237	193
237	195
237	246
237	273
237	285
237	304
237	305
237	309
237	312
237	487
238	13
238	42
238	65
238	211
238	215
238	235
238	247
238	248
238	288
238	302
238	305
238	309
238	311
239	16
239	41
239	67
239	122
239	202
239	250
239	264
239	267
239	270
239	305
239	312
239	313
239	401
240	8
240	34
240	72
240	83
240	170
240	207
240	229
240	232
240	248
240	268
240	278
240	288
240	301
241	21
241	116
241	154
241	193
241	194
241	197
241	272
241	279
241	286
241	287
241	296
241	311
241	469
242	11
242	35
242	177
242	185
242	187
242	193
242	198
242	219
242	229
242	235
242	247
242	290
242	306
242	307
243	1
243	102
243	116
243	145
243	204
243	254
243	272
243	284
243	293
243	298
243	306
243	309
243	314
243	475
244	55
244	69
244	80
244	190
244	212
244	219
244	247
244	259
244	269
244	286
244	290
244	292
244	294
244	299
245	81
245	109
245	176
245	220
245	252
245	279
245	285
245	297
245	300
245	305
245	306
245	310
245	313
245	459
246	18
246	48
246	49
246	104
246	132
246	216
246	223
246	237
246	290
246	292
246	297
246	310
246	314
246	403
247	6
247	15
247	194
247	230
247	238
247	242
247	244
247	250
247	275
247	286
247	294
247	305
247	312
247	313
247	436
248	172
248	186
248	188
248	208
248	238
248	240
248	252
248	264
248	292
248	300
248	309
248	312
248	314
248	376
248	423
249	27
249	123
249	155
249	165
249	199
249	217
249	258
249	264
249	265
249	271
249	285
249	291
249	310
249	313
249	314
250	55
250	67
250	82
250	105
250	145
250	180
250	213
250	239
250	247
250	265
250	278
250	281
250	302
250	305
250	314
251	99
251	102
251	189
251	203
251	223
251	226
251	236
251	276
251	279
251	281
251	284
251	290
251	305
251	306
251	308
251	325
252	62
252	73
252	113
252	228
252	245
252	248
252	256
252	267
252	278
252	283
252	303
252	304
252	305
252	311
252	313
252	410
253	101
253	142
253	211
253	212
253	222
253	254
253	260
253	276
253	280
253	288
253	290
253	292
253	295
253	310
253	314
253	494
254	209
254	218
254	226
254	234
254	243
254	253
254	264
254	267
254	274
254	276
254	284
254	288
254	292
254	303
254	306
254	460
255	21
255	51
255	110
255	149
255	180
255	192
255	219
255	228
255	272
255	286
255	303
255	304
255	306
255	310
255	341
255	349
256	17
256	61
256	75
256	120
256	145
256	172
256	252
256	258
256	264
256	272
256	290
256	297
256	298
256	305
256	308
256	309
257	74
257	164
257	167
257	174
257	219
257	230
257	236
257	259
257	262
257	263
257	280
257	284
257	290
257	292
257	302
257	308
258	26
258	108
258	128
258	154
258	157
258	166
258	182
258	213
258	249
258	256
258	271
258	289
258	293
258	295
258	305
258	309
259	69
259	107
259	124
259	142
259	188
259	203
259	222
259	244
259	257
259	272
259	274
259	278
259	284
259	299
259	308
259	382
259	495
260	36
260	97
260	125
260	130
260	163
260	205
260	221
260	253
260	262
260	263
260	268
260	281
260	282
260	283
260	299
260	303
260	443
261	59
261	89
261	109
261	128
261	164
261	264
261	273
261	274
261	279
261	283
261	287
261	288
261	295
261	306
261	309
261	356
261	412
262	19
262	29
262	56
262	91
262	100
262	126
262	160
262	166
262	168
262	235
262	257
262	260
262	263
262	277
262	302
262	304
262	308
262	309
263	114
263	144
263	159
263	198
263	210
263	236
263	257
263	260
263	262
263	273
263	276
263	289
263	293
263	299
263	305
263	308
263	310
263	371
264	3
264	78
264	153
264	193
264	239
264	248
264	249
264	254
264	256
264	261
264	289
264	300
264	305
264	309
264	310
264	313
264	314
264	496
265	37
265	44
265	118
265	127
265	164
265	195
265	208
265	249
265	250
265	275
265	277
265	297
265	300
265	302
265	305
265	312
265	313
265	314
266	13
266	24
266	133
266	192
266	233
266	235
266	268
266	276
266	288
266	295
266	299
266	301
266	303
266	309
266	311
266	313
266	457
266	492
267	111
267	113
267	141
267	146
267	150
267	163
267	178
267	239
267	252
267	254
267	268
267	282
267	287
267	293
267	303
267	304
267	313
267	314
267	424
268	2
268	9
268	64
268	143
268	155
268	167
268	180
268	215
268	240
268	260
268	266
268	267
268	285
268	287
268	291
268	297
268	302
268	307
268	492
269	40
269	100
269	124
269	175
269	196
269	198
269	210
269	224
269	244
269	277
269	280
269	288
269	294
269	295
269	306
269	308
269	310
269	484
269	486
270	89
270	154
270	162
270	169
270	179
270	184
270	207
270	215
270	226
270	239
270	278
270	289
270	291
270	293
270	296
270	297
270	305
270	312
270	467
270	484
271	15
271	26
271	67
271	93
271	116
271	139
271	140
271	148
271	225
271	249
271	258
271	275
271	279
271	285
271	296
271	304
271	307
271	312
271	358
271	498
272	37
272	134
272	160
272	168
272	188
272	197
272	203
272	209
272	241
272	243
272	255
272	256
272	259
272	273
272	283
272	288
272	295
272	298
272	301
272	311
273	19
273	38
273	166
273	167
273	178
273	196
273	207
273	224
273	236
273	237
273	261
273	263
273	272
273	284
273	290
273	294
273	298
273	299
273	455
273	472
274	40
274	42
274	77
274	141
274	198
274	201
274	210
274	223
274	254
274	259
274	261
274	282
274	286
274	291
274	297
274	298
274	301
274	302
274	307
274	312
274	432
275	54
275	92
275	105
275	169
275	199
275	214
275	219
275	225
275	226
275	247
275	265
275	271
275	279
275	289
275	300
275	305
275	306
275	310
275	312
275	313
275	398
276	31
276	59
276	65
276	147
276	165
276	166
276	177
276	187
276	190
276	224
276	251
276	253
276	254
276	263
276	266
276	280
276	284
276	294
276	306
276	310
276	444
276	477
277	52
277	59
277	71
277	77
277	93
277	107
277	146
277	185
277	202
277	212
277	223
277	262
277	265
277	269
277	280
277	283
277	284
277	295
277	296
277	298
277	299
277	461
278	51
278	71
278	84
278	91
278	94
278	110
278	145
278	148
278	153
278	184
278	233
278	240
278	250
278	252
278	259
278	270
278	285
278	289
278	307
278	308
278	309
278	312
278	500
279	101
279	152
279	160
279	164
279	186
279	241
279	245
279	251
279	261
279	271
279	275
279	283
279	287
279	288
279	295
279	302
279	304
279	305
279	307
279	311
279	314
279	316
279	497
280	12
280	41
280	104
280	131
280	146
280	159
280	174
280	203
280	204
280	253
280	257
280	269
280	276
280	277
280	281
280	287
280	292
280	302
280	306
280	308
280	310
280	311
280	391
280	435
281	5
281	21
281	93
281	115
281	132
281	136
281	176
281	187
281	189
281	200
281	221
281	227
281	250
281	251
281	260
281	280
281	294
281	298
281	299
281	302
281	306
281	310
281	385
281	478
281	490
282	58
282	131
282	139
282	148
282	158
282	170
282	185
282	192
282	194
282	204
282	213
282	217
282	227
282	234
282	260
282	267
282	274
282	285
282	287
282	288
282	304
282	312
282	313
282	489
282	497
283	32
283	85
283	87
283	108
283	185
283	209
283	210
283	225
283	228
283	252
283	260
283	261
283	272
283	277
283	279
283	286
283	287
283	296
283	301
283	304
283	306
283	307
283	311
283	468
283	492
284	1
284	32
284	34
284	91
284	104
284	175
284	205
284	215
284	231
284	243
284	251
284	254
284	257
284	259
284	273
284	276
284	277
284	285
284	290
284	294
284	298
284	301
284	308
284	416
284	488
285	30
285	50
285	109
285	117
285	151
285	162
285	171
285	201
285	233
285	234
285	237
285	245
285	249
285	268
285	271
285	278
285	282
285	284
285	289
285	296
285	297
285	301
285	304
285	313
285	500
286	47
286	53
286	138
286	163
286	196
286	218
286	227
286	234
286	241
286	244
286	247
286	255
286	274
286	283
286	291
286	293
286	294
286	295
286	302
286	306
286	311
286	313
286	314
286	420
286	497
286	499
287	30
287	70
287	72
287	86
287	94
287	140
287	193
287	230
287	232
287	235
287	241
287	261
287	267
287	268
287	279
287	280
287	282
287	283
287	305
287	306
287	307
287	311
287	312
287	313
287	315
287	470
288	36
288	120
288	150
288	154
288	169
288	191
288	229
288	238
288	240
288	253
288	254
288	261
288	266
288	269
288	272
288	279
288	282
288	290
288	293
288	294
288	295
288	301
288	306
288	311
288	313
288	414
288	451
289	29
289	57
289	68
289	84
289	86
289	135
289	147
289	161
289	200
289	203
289	222
289	225
289	258
289	263
289	264
289	270
289	275
289	278
289	285
289	297
289	299
289	301
289	303
289	305
289	309
289	313
289	487
290	2
290	14
290	46
290	93
290	112
290	147
290	196
290	235
290	242
290	244
290	246
290	251
290	253
290	256
290	257
290	273
290	284
290	288
290	291
290	292
290	298
290	299
290	309
290	310
290	312
290	314
290	361
290	464
291	40
291	78
291	106
291	129
291	130
291	138
291	146
291	171
291	192
291	229
291	232
291	249
291	268
291	270
291	274
291	286
291	290
291	292
291	293
291	301
291	302
291	304
291	305
291	306
291	312
291	313
291	471
292	52
292	59
292	129
292	155
292	167
292	174
292	187
292	196
292	197
292	198
292	220
292	223
292	244
292	246
292	248
292	253
292	254
292	257
292	280
292	290
292	291
292	294
292	298
292	303
292	308
292	310
292	312
293	5
293	23
293	30
293	53
293	82
293	103
293	156
293	158
293	187
293	201
293	209
293	216
293	221
293	243
293	258
293	263
293	267
293	270
293	286
293	288
293	291
293	303
293	304
293	306
293	307
293	311
293	402
293	439
293	496
294	2
294	37
294	43
294	65
294	76
294	90
294	112
294	146
294	153
294	174
294	188
294	189
294	218
294	219
294	244
294	247
294	269
294	273
294	276
294	281
294	284
294	286
294	288
294	292
294	302
294	303
294	307
294	310
294	407
295	32
295	89
295	128
295	129
295	130
295	144
295	151
295	167
295	178
295	180
295	215
295	217
295	233
295	253
295	258
295	261
295	266
295	269
295	272
295	277
295	279
295	286
295	288
295	302
295	308
295	311
295	313
295	448
295	480
296	11
296	50
296	81
296	87
296	90
296	98
296	119
296	122
296	143
296	155
296	181
296	185
296	191
296	213
296	220
296	222
296	223
296	228
296	231
296	241
296	270
296	271
296	277
296	283
296	285
296	304
296	309
296	312
296	478
297	53
297	109
297	147
297	148
297	161
297	179
297	210
297	216
297	230
297	231
297	233
297	245
297	246
297	256
297	265
297	268
297	270
297	274
297	285
297	289
297	300
297	304
297	306
297	308
297	309
297	311
297	312
297	463
297	466
297	491
298	29
298	48
298	58
298	60
298	92
298	118
298	126
298	134
298	153
298	212
298	214
298	221
298	243
298	256
298	272
298	273
298	274
298	277
298	281
298	284
298	290
298	292
298	299
298	302
298	308
298	310
298	313
298	314
298	476
298	491
299	33
299	34
299	37
299	74
299	83
299	119
299	121
299	136
299	149
299	178
299	189
299	200
299	202
299	205
299	216
299	221
299	223
299	236
299	244
299	259
299	260
299	263
299	266
299	273
299	277
299	281
299	289
299	290
299	298
299	304
299	308
299	313
299	368
299	495
300	7
300	10
300	39
300	46
300	84
300	94
300	98
300	119
300	129
300	155
300	161
300	195
300	200
300	208
300	213
300	228
300	233
300	234
300	245
300	248
300	264
300	265
300	275
300	297
300	302
300	304
300	307
300	309
300	312
300	313
300	314
300	453
300	454
300	494
301	40
301	60
301	76
301	81
301	100
301	124
301	136
301	141
301	180
301	189
301	204
301	207
301	211
301	219
301	226
301	232
301	236
301	240
301	266
301	272
301	274
301	283
301	284
301	285
301	288
301	289
301	291
301	306
301	307
301	311
301	312
301	313
301	314
301	433
301	437
301	445
302	39
302	41
302	48
302	62
302	85
302	92
302	107
302	209
302	215
302	227
302	231
302	232
302	235
302	238
302	250
302	257
302	262
302	265
302	268
302	274
302	279
302	280
302	281
302	286
302	291
302	294
302	295
302	298
302	300
302	303
302	304
302	306
302	311
302	314
302	442
303	16
303	43
303	51
303	55
303	65
303	68
303	85
303	88
303	97
303	108
303	111
303	116
303	121
303	131
303	133
303	152
303	164
303	165
303	173
303	182
303	205
303	206
303	252
303	254
303	255
303	260
303	266
303	267
303	289
303	292
303	293
303	294
303	302
303	307
303	308
303	311
303	314
304	88
304	100
304	102
304	128
304	139
304	141
304	149
304	150
304	152
304	165
304	226
304	227
304	235
304	237
304	252
304	255
304	262
304	267
304	271
304	279
304	282
304	283
304	285
304	291
304	293
304	296
304	297
304	299
304	300
304	302
304	306
304	307
304	310
304	311
304	482
304	488
304	489
305	81
305	129
305	172
305	173
305	182
305	186
305	188
305	191
305	199
305	204
305	209
305	231
305	237
305	238
305	239
305	245
305	247
305	250
305	251
305	252
305	256
305	258
305	263
305	264
305	265
305	270
305	275
305	279
305	287
305	289
305	291
305	311
305	313
305	428
305	453
305	489
306	6
306	52
306	80
306	164
306	168
306	171
306	173
306	180
306	211
306	212
306	226
306	229
306	234
306	242
306	243
306	245
306	251
306	254
306	255
306	261
306	269
306	275
306	276
306	280
306	281
306	283
306	286
306	287
306	288
306	291
306	293
306	297
306	301
306	302
306	304
306	311
306	390
307	1
307	10
307	26
307	35
307	50
307	62
307	75
307	118
307	130
307	151
307	152
307	194
307	209
307	210
307	218
307	220
307	230
307	234
307	242
307	268
307	271
307	274
307	278
307	279
307	283
307	287
307	293
307	294
307	300
307	301
307	303
307	304
307	309
307	310
307	311
307	314
307	415
307	431
307	450
307	485
308	4
308	14
308	25
308	29
308	36
308	99
308	114
308	132
308	167
308	171
308	176
308	180
308	184
308	190
308	203
308	206
308	211
308	220
308	222
308	228
308	251
308	256
308	257
308	259
308	262
308	263
308	269
308	278
308	280
308	284
308	292
308	295
308	297
308	298
308	299
308	303
308	310
308	327
308	471
308	491
308	493
309	45
309	64
309	105
309	108
309	113
309	154
309	155
309	157
309	184
309	186
309	193
309	197
309	199
309	201
309	204
309	213
309	217
309	220
309	222
309	227
309	234
309	237
309	238
309	243
309	248
309	256
309	258
309	261
309	262
309	264
309	266
309	278
309	289
309	290
309	296
309	297
309	300
309	307
309	311
309	313
309	314
309	440
310	18
310	34
310	36
310	43
310	49
310	54
310	60
310	95
310	134
310	138
310	145
310	150
310	175
310	176
310	177
310	198
310	203
310	205
310	221
310	224
310	245
310	246
310	249
310	253
310	255
310	263
310	264
310	269
310	275
310	276
310	280
310	281
310	290
310	292
310	294
310	298
310	304
310	307
310	308
310	311
310	314
310	321
310	434
310	438
310	472
311	73
311	103
311	110
311	139
311	144
311	159
311	171
311	174
311	177
311	183
311	195
311	196
311	204
311	206
311	214
311	225
311	232
311	234
311	238
311	241
311	252
311	266
311	272
311	279
311	280
311	283
311	286
311	287
311	288
311	293
311	295
311	297
311	301
311	302
311	303
311	304
311	305
311	306
311	307
311	309
311	310
311	312
311	314
311	484
311	486
311	498
312	44
312	56
312	96
312	104
312	120
312	134
312	135
312	152
312	162
312	170
312	179
312	181
312	182
312	183
312	193
312	197
312	201
312	214
312	220
312	225
312	230
312	233
312	235
312	237
312	239
312	247
312	248
312	265
312	270
312	271
312	274
312	275
312	278
312	282
312	287
312	290
312	291
312	292
312	296
312	297
312	300
312	301
312	311
312	314
312	479
312	487
312	500
313	8
313	15
313	17
313	23
313	47
313	64
313	70
313	73
313	98
313	114
313	115
313	127
313	128
313	135
313	172
313	181
313	182
313	186
313	213
313	225
313	228
313	233
313	239
313	245
313	247
313	249
313	252
313	264
313	265
313	266
313	267
313	275
313	282
313	285
313	286
313	287
313	288
313	289
313	291
313	295
313	298
313	299
313	300
313	301
313	305
313	309
313	485
314	9
314	16
314	45
314	57
314	58
314	106
314	111
314	123
314	133
314	140
314	143
314	158
314	168
314	169
314	191
314	207
314	211
314	214
314	216
314	218
314	219
314	221
314	232
314	234
314	243
314	246
314	248
314	249
314	250
314	253
314	264
314	265
314	267
314	279
314	286
314	290
314	298
314	300
314	301
314	302
314	303
314	307
314	309
314	310
314	311
314	312
314	492
314	493
314	498
315	287
315	449
315	456
315	486
316	279
316	338
316	342
316	396
317	227
317	450
317	488
317	499
318	363
318	402
318	457
318	475
319	416
319	464
319	476
319	480
320	392
320	458
320	480
320	492
321	310
321	447
321	466
321	494
322	479
322	490
322	491
322	495
323	437
323	474
323	490
323	497
324	386
324	472
324	479
324	494
325	251
325	362
325	367
325	489
326	409
326	448
326	480
326	485
327	308
327	444
327	475
327	495
328	395
328	457
328	474
328	484
329	444
329	470
329	489
329	500
330	418
330	471
330	478
330	484
331	457
331	474
331	491
331	492
332	465
332	471
332	499
332	500
333	460
333	481
333	483
333	490
334	372
334	429
334	466
334	470
335	400
335	462
335	473
335	499
336	475
336	479
336	499
336	500
337	343
337	451
337	476
337	484
338	316
338	429
338	493
338	496
339	442
339	447
339	483
339	495
340	438
340	491
340	494
340	498
341	255
341	345
341	481
341	498
342	205
342	316
342	409
342	441
343	337
343	467
343	493
343	496
344	220
344	476
344	483
344	491
345	341
345	388
345	406
345	474
346	437
346	453
346	470
346	489
347	177
347	432
347	447
347	484
348	405
348	471
348	478
348	486
349	255
349	362
349	493
349	500
350	181
350	406
350	449
350	499
351	359
351	376
351	473
351	491
352	156
352	443
352	452
352	493
353	199
353	443
353	491
353	493
354	471
354	481
354	495
354	498
355	411
355	412
355	425
355	491
356	261
356	485
356	486
356	489
357	392
357	468
357	492
357	495
358	271
358	411
358	496
358	499
359	351
359	468
359	495
359	496
360	379
360	459
360	474
360	498
361	290
361	383
361	384
361	415
362	325
362	349
362	394
362	458
363	318
363	399
363	475
363	493
364	401
364	432
364	447
364	498
365	378
365	395
365	416
365	492
366	400
366	443
366	479
366	487
367	325
367	387
367	463
367	484
367	492
368	299
368	444
368	473
368	478
368	484
369	226
369	373
369	476
369	489
369	500
370	170
370	385
370	408
370	481
370	492
371	263
371	385
371	454
371	489
371	497
372	49
372	334
372	399
372	440
372	457
373	369
373	390
373	472
373	496
373	500
374	144
374	431
374	492
374	494
374	497
375	410
375	439
375	469
375	484
375	487
376	248
376	351
376	439
376	460
376	490
377	141
377	417
377	468
377	478
377	499
378	365
378	459
378	492
378	494
378	495
379	360
379	388
379	483
379	486
379	491
380	460
380	468
380	484
380	488
380	499
381	192
381	425
381	482
381	487
381	495
382	259
382	426
382	483
382	486
382	487
383	361
383	396
383	462
383	468
383	494
384	361
384	482
384	487
384	496
384	499
385	281
385	370
385	371
385	481
385	486
386	324
386	431
386	446
386	482
386	493
387	43
387	367
387	432
387	485
387	486
388	345
388	379
388	447
388	499
388	500
389	392
389	415
389	457
389	477
389	488
390	306
390	373
390	402
390	422
390	496
391	280
391	430
391	460
391	467
391	496
392	320
392	357
392	389
392	465
392	467
392	477
393	437
393	466
393	492
393	496
393	497
393	500
394	362
394	417
394	458
394	463
394	483
394	499
395	328
395	365
395	406
395	430
395	467
395	471
396	316
396	383
396	421
396	436
396	473
396	494
397	409
397	413
397	416
397	439
397	467
397	487
398	275
398	408
398	470
398	482
398	488
398	489
399	78
399	363
399	372
399	421
399	472
399	483
400	3
400	335
400	366
400	461
400	468
400	481
401	239
401	364
401	462
401	482
401	487
401	488
402	293
402	318
402	390
402	477
402	482
402	492
403	246
403	425
403	441
403	469
403	490
403	498
404	419
404	432
404	450
404	468
404	494
404	497
405	348
405	459
405	466
405	473
405	483
405	490
406	345
406	350
406	395
406	434
406	463
406	472
406	485
407	294
407	431
407	466
407	480
407	485
407	491
407	498
408	370
408	398
408	415
408	444
408	479
408	496
408	499
409	158
409	326
409	342
409	397
409	436
409	490
409	492
410	252
410	375
410	411
410	459
410	488
410	496
410	497
411	87
411	355
411	358
411	410
411	478
411	482
411	493
412	261
412	355
412	453
412	483
412	486
412	492
412	500
413	230
413	397
413	440
413	480
413	482
413	483
413	500
414	288
414	430
414	451
414	464
414	471
414	477
414	493
415	307
415	361
415	389
415	408
415	428
415	476
415	500
416	284
416	319
416	365
416	397
416	439
416	464
416	497
417	164
417	377
417	394
417	422
417	424
417	462
417	487
418	106
418	330
418	438
418	464
418	465
418	493
418	497
419	404
419	437
419	473
419	491
419	494
419	495
419	497
420	286
420	452
420	454
420	466
420	472
420	486
420	489
420	499
421	223
421	396
421	399
421	457
421	467
421	470
421	479
421	486
422	202
422	390
422	417
422	464
422	478
422	484
422	499
422	500
423	248
423	425
423	429
423	471
423	477
423	494
423	496
423	498
424	267
424	417
424	454
424	485
424	489
424	497
424	498
424	499
425	197
425	355
425	381
425	403
425	423
425	483
425	493
425	495
426	94
426	382
426	445
426	469
426	477
426	488
426	490
426	495
427	224
427	456
427	462
427	463
427	472
427	485
427	491
427	492
428	305
428	415
428	436
428	456
428	460
428	469
428	477
428	489
429	217
429	334
429	338
429	423
429	433
429	474
429	480
429	495
430	391
430	395
430	414
430	449
430	480
430	482
430	496
430	498
431	307
431	374
431	386
431	407
431	456
431	471
431	480
431	486
432	274
432	347
432	364
432	387
432	404
432	487
432	497
432	500
433	301
433	429
433	455
433	479
433	480
433	488
433	489
433	500
434	310
434	406
434	445
434	461
434	470
434	472
434	475
434	491
434	494
435	280
435	441
435	446
435	465
435	479
435	484
435	487
435	488
435	500
436	247
436	396
436	409
436	428
436	481
436	485
436	489
436	490
436	496
437	301
437	323
437	346
437	393
437	419
437	479
437	489
437	493
437	500
438	310
438	340
438	418
438	446
438	475
438	487
438	495
438	497
438	500
439	293
439	375
439	376
439	397
439	416
439	455
439	474
439	481
439	482
439	493
440	309
440	372
440	413
440	454
440	461
440	465
440	493
440	496
440	497
440	500
441	186
441	342
441	403
441	435
441	448
441	462
441	465
441	473
441	479
441	493
442	302
442	339
442	456
442	458
442	461
442	470
442	485
442	486
442	494
442	495
443	260
443	352
443	353
443	366
443	455
443	479
443	483
443	486
443	494
443	497
444	276
444	327
444	329
444	368
444	408
444	476
444	483
444	490
444	497
444	500
445	301
445	426
445	434
445	464
445	477
445	478
445	480
445	488
445	495
445	498
446	70
446	386
446	435
446	438
446	450
446	455
446	457
446	479
446	482
446	494
447	159
447	321
447	339
447	347
447	364
447	388
447	461
447	488
447	489
447	499
448	295
448	326
448	441
448	449
448	469
448	481
448	483
448	491
448	492
448	500
449	100
449	315
449	350
449	430
449	448
449	459
449	487
449	488
449	495
449	498
450	307
450	317
450	404
450	446
450	468
450	470
450	483
450	486
450	490
450	494
450	495
451	288
451	337
451	414
451	455
451	463
451	475
451	476
451	487
451	488
451	496
451	497
452	218
452	352
452	420
452	456
452	467
452	477
452	485
452	489
452	495
452	498
452	499
453	300
453	305
453	346
453	412
453	478
453	482
453	487
453	493
453	496
453	497
453	500
454	300
454	371
454	420
454	424
454	440
454	474
454	478
454	479
454	488
454	492
454	499
455	273
455	433
455	439
455	443
455	446
455	451
455	462
455	463
455	471
455	496
455	500
456	215
456	315
456	427
456	428
456	431
456	442
456	452
456	459
456	478
456	497
456	498
457	266
457	318
457	328
457	331
457	372
457	389
457	421
457	446
457	485
457	490
457	491
457	494
458	63
458	320
458	362
458	394
458	442
458	480
458	484
458	485
458	489
458	490
458	491
458	499
459	245
459	360
459	378
459	405
459	410
459	449
459	456
459	470
459	479
459	480
459	498
459	499
460	254
460	333
460	376
460	380
460	391
460	428
460	467
460	469
460	473
460	488
460	494
460	498
461	277
461	400
461	434
461	440
461	442
461	447
461	481
461	485
461	486
461	490
461	491
461	500
462	148
462	195
462	335
462	383
462	401
462	417
462	427
462	441
462	455
462	476
462	496
462	497
462	500
463	297
463	367
463	394
463	406
463	427
463	451
463	455
463	469
463	481
463	486
463	489
463	491
463	492
464	290
464	319
464	414
464	416
464	418
464	422
464	445
464	467
464	471
464	480
464	486
464	489
464	499
465	212
465	332
465	392
465	418
465	435
465	440
465	441
465	466
465	478
465	493
465	497
465	498
465	500
466	297
466	321
466	334
466	393
466	405
466	407
466	420
466	465
466	470
466	478
466	481
466	489
466	492
467	270
467	343
467	391
467	392
467	395
467	397
467	421
467	452
467	460
467	464
467	480
467	484
467	488
467	494
468	13
468	283
468	357
468	359
468	377
468	380
468	383
468	400
468	404
468	450
468	481
468	485
468	489
468	490
468	497
469	204
469	241
469	375
469	403
469	426
469	428
469	448
469	460
469	463
469	472
469	483
469	485
469	486
469	487
469	490
469	492
469	499
470	196
470	287
470	329
470	334
470	346
470	398
470	421
470	434
470	442
470	450
470	459
470	466
470	471
470	473
470	474
470	477
470	478
471	291
471	308
471	330
471	332
471	348
471	354
471	395
471	414
471	423
471	431
471	455
471	464
471	470
471	473
471	483
471	484
471	490
471	493
471	498
472	273
472	310
472	324
472	373
472	399
472	406
472	420
472	427
472	434
472	469
472	475
472	485
472	489
472	490
472	491
472	492
472	493
472	494
472	495
473	138
473	236
473	335
473	351
473	368
473	396
473	405
473	419
473	441
473	460
473	470
473	471
473	474
473	477
473	484
473	488
473	489
473	498
473	499
474	19
474	113
474	323
474	328
474	331
474	345
474	360
474	429
474	439
474	454
474	470
474	473
474	476
474	484
474	488
474	489
474	494
474	498
474	500
475	117
475	243
475	318
475	327
475	336
475	363
475	434
475	438
475	451
475	472
475	476
475	481
475	487
475	488
475	494
475	496
475	497
475	498
475	500
476	152
476	298
476	319
476	337
476	344
476	369
476	415
476	444
476	451
476	462
476	474
476	475
476	480
476	482
476	487
476	492
476	493
476	496
476	498
476	499
477	183
477	276
477	389
477	392
477	402
477	414
477	423
477	426
477	428
477	445
477	452
477	470
477	473
477	482
477	485
477	488
477	490
477	492
477	498
477	499
478	281
478	296
478	330
478	348
478	368
478	377
478	411
478	422
478	445
478	453
478	454
478	456
478	465
478	466
478	470
478	482
478	483
478	491
478	498
478	499
479	163
479	312
479	322
479	324
479	336
479	366
479	408
479	421
479	433
479	435
479	437
479	441
479	443
479	446
479	454
479	459
479	482
479	491
479	493
479	497
479	500
480	5
480	295
480	319
480	320
480	326
480	407
480	413
480	429
480	430
480	431
480	433
480	445
480	458
480	459
480	464
480	467
480	476
480	484
480	487
480	496
480	498
480	499
481	48
481	93
481	333
481	341
481	354
481	370
481	385
481	400
481	436
481	439
481	448
481	461
481	463
481	466
481	468
481	475
481	483
481	485
481	493
481	494
481	495
481	499
482	216
482	304
482	381
482	384
482	386
482	398
482	401
482	402
482	411
482	413
482	430
482	439
482	446
482	453
482	476
482	477
482	478
482	479
482	484
482	487
482	491
482	496
482	497
483	32
483	233
483	333
483	339
483	344
483	379
483	382
483	394
483	399
483	405
483	412
483	413
483	425
483	443
483	444
483	448
483	450
483	469
483	471
483	478
483	481
483	490
483	494
483	495
484	269
484	270
484	311
484	328
484	330
484	337
484	347
484	367
484	368
484	375
484	380
484	422
484	435
484	458
484	467
484	471
484	473
484	474
484	480
484	482
484	488
484	497
484	498
484	499
484	500
485	160
485	307
485	313
485	326
485	356
485	387
485	406
485	407
485	424
485	427
485	436
485	442
485	452
485	457
485	458
485	461
485	468
485	469
485	472
485	477
485	481
485	487
485	494
485	495
485	500
486	178
486	269
486	311
486	315
486	348
486	356
486	379
486	382
486	385
486	387
486	412
486	420
486	421
486	431
486	442
486	443
486	450
486	461
486	463
486	464
486	469
486	488
486	490
486	491
486	492
486	494
486	495
486	497
487	237
487	289
487	312
487	366
487	375
487	381
487	382
487	384
487	397
487	401
487	417
487	432
487	435
487	438
487	449
487	451
487	453
487	469
487	475
487	476
487	480
487	482
487	485
487	493
487	495
487	496
487	497
487	500
488	12
488	284
488	304
488	317
488	380
488	389
488	398
488	401
488	410
488	426
488	433
488	435
488	445
488	447
488	449
488	451
488	454
488	460
488	467
488	473
488	474
488	475
488	477
488	484
488	486
488	489
488	495
488	498
489	282
489	304
489	305
489	325
489	329
489	346
489	356
489	369
489	371
489	398
489	420
489	424
489	428
489	433
489	436
489	437
489	447
489	452
489	458
489	463
489	464
489	466
489	468
489	472
489	473
489	474
489	488
489	493
489	499
490	102
490	126
490	281
490	322
490	323
490	333
490	376
490	403
490	405
490	409
490	426
490	436
490	444
490	450
490	457
490	458
490	461
490	468
490	469
490	471
490	472
490	477
490	483
490	486
490	491
490	493
490	494
490	495
490	498
490	500
491	297
491	298
491	308
491	322
491	331
491	340
491	344
491	351
491	353
491	355
491	379
491	407
491	419
491	427
491	434
491	448
491	457
491	458
491	461
491	463
491	472
491	478
491	479
491	482
491	486
491	490
491	492
491	495
491	496
491	497
491	498
492	266
492	268
492	283
492	314
492	320
492	331
492	357
492	365
492	367
492	370
492	374
492	378
492	393
492	402
492	409
492	412
492	427
492	448
492	454
492	463
492	466
492	469
492	472
492	476
492	477
492	486
492	491
492	494
492	495
492	496
492	498
493	221
493	308
493	314
493	338
493	343
493	349
493	352
493	353
493	363
493	386
493	411
493	414
493	418
493	425
493	437
493	439
493	440
493	441
493	453
493	465
493	471
493	472
493	476
493	479
493	481
493	487
493	489
493	490
493	497
493	498
493	499
493	500
494	6
494	88
494	253
494	300
494	321
494	324
494	340
494	374
494	378
494	383
494	396
494	404
494	419
494	423
494	434
494	442
494	443
494	446
494	450
494	457
494	460
494	467
494	472
494	474
494	475
494	481
494	483
494	485
494	486
494	490
494	492
494	495
494	497
495	161
495	259
495	299
495	322
495	327
495	339
495	354
495	357
495	359
495	378
495	381
495	419
495	425
495	426
495	429
495	438
495	442
495	445
495	449
495	450
495	452
495	472
495	481
495	483
495	485
495	486
495	487
495	488
495	490
495	491
495	492
495	494
495	499
495	500
496	185
496	210
496	264
496	293
496	338
496	343
496	358
496	359
496	373
496	384
496	390
496	391
496	393
496	408
496	410
496	423
496	430
496	436
496	440
496	451
496	453
496	455
496	462
496	475
496	476
496	480
496	482
496	487
496	491
496	492
496	497
496	498
496	499
496	500
497	171
497	279
497	282
497	286
497	323
497	371
497	374
497	393
497	404
497	410
497	416
497	418
497	419
497	424
497	432
497	438
497	440
497	443
497	444
497	451
497	453
497	456
497	462
497	465
497	468
497	475
497	479
497	482
497	484
497	486
497	487
497	491
497	493
497	494
497	496
497	500
498	75
498	271
498	311
498	314
498	340
498	341
498	354
498	360
498	364
498	403
498	407
498	423
498	424
498	430
498	445
498	449
498	452
498	456
498	459
498	460
498	465
498	471
498	473
498	474
498	475
498	476
498	477
498	478
498	480
498	484
498	488
498	490
498	491
498	492
498	493
498	496
498	499
499	92
499	200
499	286
499	317
499	332
499	335
499	336
499	350
499	358
499	377
499	380
499	384
499	388
499	394
499	408
499	420
499	422
499	424
499	447
499	452
499	454
499	458
499	459
499	464
499	469
499	473
499	476
499	477
499	478
499	480
499	481
499	484
499	489
499	493
499	495
499	496
499	498
499	500
500	101
500	278
500	285
500	312
500	329
500	332
500	336
500	349
500	369
500	373
500	388
500	393
500	412
500	413
500	415
500	422
500	432
500	433
500	435
500	437
500	438
500	440
500	444
500	448
500	453
500	455
500	461
500	462
500	465
500	474
500	475
500	479
500	484
500	485
500	487
500	490
500	493
500	495
500	496
500	497
500	499
