1	191
1	234
1	240
1	248
2	126
2	138
2	163
2	184
3	82
3	252
3	256
3	257
4	223
4	234
4	240
4	249
5	128
5	143
5	186
5	193
6	235
6	255
6	257
6	616
7	137
7	139
7	178
7	206
8	53
8	105
8	202
8	227
9	236
9	238
9	246
9	251
10	253
10	255
10	256
10	257
11	95
11	198
11	202
11	227
12	147
12	207
12	215
12	225
13	171
13	225
13	232
13	244
14	236
14	244
14	246
14	251
15	37
15	231
15	240
15	249
16	50
16	179
16	185
16	233
17	26
17	207
17	215
17	253
18	124
18	135
18	144
18	233
19	63
19	227
19	245
19	499
20	67
20	88
20	227
20	859
21	63
21	198
21	227
21	241
22	220
22	242
22	246
22	251
23	224
23	244
23	246
23	251
24	154
24	202
24	227
24	722
25	67
25	198
25	227
25	611
26	17
26	163
26	207
26	225
27	103
27	215
27	225
27	232
28	50
28	152
28	179
28	233
29	47
29	84
29	180
29	934
30	138
30	193
30	208
30	615
31	147
31	185
31	200
31	232
32	250
32	252
32	254
32	256
33	137
33	139
33	157
33	206
34	52
34	136
34	190
34	233
35	228
35	253
35	254
35	256
36	180
36	198
36	227
36	378
37	15
37	53
37	180
37	227
38	250
38	254
38	256
38	526
39	205
39	215
39	225
39	232
40	118
40	185
40	190
40	233
41	202
41	250
41	256
41	683
42	158
42	179
42	190
42	233
43	141
43	151
43	170
43	232
44	223
44	231
44	248
44	249
45	224
45	244
45	246
45	251
46	253
46	255
46	256
46	257
47	29
47	53
47	202
47	227
48	213
48	248
48	249
48	250
49	151
49	199
49	232
49	575
50	16
50	28
50	179
50	233
51	252
51	253
51	255
51	257
52	34
52	117
52	135
52	167
53	8
53	37
53	47
53	198
54	250
54	253
54	255
54	257
55	252
55	255
55	257
55	608
56	151
56	162
56	225
56	232
57	225
57	250
57	254
57	257
58	250
58	255
58	256
58	257
59	216
59	240
59	248
59	249
60	229
60	241
60	245
60	600
61	118
61	190
61	233
61	866
62	200
62	225
62	248
62	913
63	19
63	21
63	180
63	202
63	227
64	103
64	171
64	205
64	225
64	232
65	84
65	180
65	198
65	224
65	227
66	149
66	183
66	228
66	229
66	245
67	20
67	25
67	84
67	202
67	227
68	96
68	252
68	253
68	254
68	257
69	219
69	238
69	244
69	246
69	251
70	110
70	220
70	238
70	244
70	251
71	125
71	163
71	184
71	208
71	929
72	126
72	137
72	145
72	148
72	163
73	236
73	238
73	244
73	251
73	256
74	200
74	205
74	215
74	225
74	232
75	129
75	199
75	228
75	229
75	251
76	125
76	128
76	143
76	193
76	208
77	125
77	178
77	186
77	193
77	253
78	79
78	92
78	217
78	241
78	245
79	78
79	235
79	241
79	245
79	873
80	223
80	236
80	248
80	249
80	906
81	209
81	238
81	242
81	246
81	251
82	3
82	135
82	179
82	233
82	944
83	199
83	229
83	241
83	242
83	245
84	29
84	65
84	67
84	107
84	110
85	120
85	200
85	215
85	225
85	232
86	218
86	226
86	231
86	248
86	249
87	242
87	253
87	254
87	255
87	257
88	20
88	110
88	198
88	227
88	853
89	98
89	252
89	254
89	256
89	576
90	93
90	252
90	255
90	256
90	257
91	223
91	231
91	248
91	249
91	773
92	78
92	150
92	235
92	241
92	245
93	90
93	228
93	235
93	241
93	245
94	164
94	175
94	228
94	241
94	245
95	11
95	180
95	202
95	227
95	239
96	68
96	217
96	235
96	241
96	245
97	250
97	252
97	253
97	256
97	257
98	89
98	219
98	236
98	242
98	251
99	198
99	203
99	226
99	248
99	249
100	105
100	223
100	248
100	249
100	911
101	195
101	226
101	231
101	234
101	240
102	157
102	178
102	186
102	193
102	206
103	27
103	64
103	200
103	232
103	253
104	168
104	224
104	242
104	244
104	251
105	8
105	100
105	107
105	198
105	202
106	228
106	229
106	235
106	241
106	245
107	84
107	105
107	198
107	202
107	510
108	182
108	231
108	234
108	248
108	249
109	215
109	216
109	223
109	248
109	249
110	70
110	84
110	88
110	180
110	198
110	227
111	222
111	238
111	242
111	244
111	246
111	251
112	124
112	135
112	144
112	172
112	197
112	233
113	161
113	165
113	194
113	223
113	240
113	248
114	152
114	199
114	211
114	235
114	241
114	245
115	213
115	238
115	242
115	244
115	246
115	251
116	250
116	252
116	253
116	254
116	255
116	256
117	52
117	127
117	158
117	185
117	233
117	806
118	40
118	61
118	172
118	185
118	233
118	250
119	204
119	211
119	217
119	235
119	241
119	245
120	85
120	131
120	144
120	158
120	172
120	233
121	211
121	250
121	253
121	254
121	255
121	256
122	195
122	226
122	234
122	240
122	249
122	256
123	238
123	244
123	246
123	251
123	255
123	618
124	18
124	112
124	158
124	190
124	225
124	233
125	71
125	76
125	77
125	184
125	208
125	252
126	2
126	72
126	139
126	178
126	193
126	208
127	117
127	236
127	238
127	242
127	246
127	251
128	5
128	76
128	163
128	184
128	206
128	208
129	75
129	217
129	228
129	229
129	235
129	241
129	245
130	233
130	252
130	253
130	254
130	255
130	256
130	257
131	120
131	144
131	158
131	172
131	179
131	227
131	233
132	217
132	250
132	252
132	254
132	255
132	256
132	257
133	141
133	162
133	170
133	205
133	207
133	225
133	232
134	195
134	206
134	223
134	231
134	240
134	248
134	249
135	18
135	52
135	82
135	112
135	190
135	233
135	238
136	34
136	250
136	253
136	254
136	255
136	256
136	257
137	7
137	33
137	72
137	163
137	206
137	208
137	215
138	2
138	30
138	157
138	186
138	193
138	206
138	483
139	7
139	33
139	126
139	177
139	184
139	186
139	206
140	201
140	224
140	236
140	242
140	244
140	246
140	251
141	43
141	133
141	205
141	215
141	225
141	232
141	255
142	161
142	224
142	236
142	242
142	244
142	246
142	251
143	5
143	76
143	148
143	186
143	206
143	208
143	279
144	18
144	112
144	120
144	131
144	158
144	185
144	233
145	72
145	252
145	253
145	254
145	255
145	256
145	257
145	977
146	217
146	220
146	236
146	238
146	242
146	244
146	251
146	967
147	12
147	31
147	170
147	200
147	205
147	207
147	225
147	232
148	72
148	143
148	163
148	184
148	186
148	206
148	208
148	246
149	66
149	168
149	213
149	226
149	234
149	240
149	248
149	249
150	92
150	164
150	173
150	175
150	229
150	241
150	251
150	428
151	43
151	49
151	56
151	207
151	208
151	215
151	225
151	232
152	28
152	114
152	199
152	211
152	217
152	235
152	241
152	484
153	223
153	247
153	250
153	253
153	254
153	255
153	256
153	257
154	24
154	220
154	236
154	238
154	242
154	244
154	246
154	251
155	194
155	213
155	231
155	234
155	240
155	248
155	249
155	784
156	220
156	236
156	238
156	242
156	244
156	246
156	251
156	984
157	33
157	102
157	138
157	178
157	193
157	206
157	208
157	247
158	42
158	117
158	120
158	124
158	131
158	144
158	233
158	257
159	224
159	236
159	238
159	242
159	244
159	246
159	247
159	251
160	161
160	166
160	187
160	216
160	226
160	240
160	248
160	249
160	990
161	113
161	142
161	160
161	203
161	216
161	231
161	234
161	248
161	249
162	56
162	133
162	171
162	205
162	207
162	225
162	232
162	251
162	377
163	2
163	26
163	71
163	72
163	128
163	137
163	148
163	178
163	455
164	94
164	150
164	174
164	177
164	205
164	217
164	228
164	235
164	245
165	113
165	213
165	226
165	230
165	231
165	240
165	248
165	249
165	611
166	160
166	181
166	223
166	226
166	231
166	234
166	240
166	248
166	249
167	52
167	247
167	250
167	252
167	253
167	254
167	255
167	256
167	257
168	104
168	149
168	192
168	213
168	226
168	234
168	240
168	248
168	249
169	219
169	220
169	224
169	236
169	238
169	242
169	244
169	245
169	251
170	43
170	133
170	147
170	173
170	200
170	205
170	207
170	215
170	232
170	869
171	13
171	64
171	162
171	200
171	205
171	207
171	215
171	225
171	232
171	249
172	112
172	118
172	120
172	131
172	179
172	185
172	190
172	233
172	246
172	613
173	150
173	170
173	174
173	211
173	217
173	229
173	235
173	241
173	245
173	558
174	164
174	173
174	181
174	183
174	222
174	228
174	229
174	235
174	241
174	245
175	94
175	150
175	182
175	211
175	228
175	229
175	235
175	245
175	247
175	507
176	232
176	243
176	247
176	250
176	252
176	253
176	254
176	255
176	256
176	257
177	139
177	164
177	181
177	199
177	211
177	228
177	229
177	235
177	241
177	245
177	982
178	7
178	77
178	102
178	126
178	157
178	163
178	184
178	193
178	206
178	208
178	252
179	16
179	28
179	42
179	50
179	82
179	131
179	172
179	185
179	190
179	233
179	254
180	29
180	36
180	37
180	63
180	65
180	95
180	110
180	202
180	227
180	238
180	585
181	166
181	174
181	177
181	182
181	217
181	228
181	229
181	235
181	241
181	245
181	932
182	108
182	175
182	181
182	211
182	217
182	228
182	229
182	235
182	241
182	245
182	689
183	66
183	174
183	199
183	217
183	228
183	229
183	235
183	241
183	245
183	256
183	606
184	2
184	71
184	125
184	128
184	139
184	148
184	178
184	186
184	206
184	255
184	553
185	16
185	31
185	40
185	117
185	118
185	144
185	172
185	179
185	190
185	233
185	589
186	5
186	77
186	102
186	138
186	139
186	143
186	148
186	184
186	193
186	196
186	795
187	160
187	239
187	243
187	247
187	250
187	252
187	253
187	254
187	255
187	256
187	257
187	478
188	216
188	239
188	243
188	247
188	250
188	252
188	253
188	254
188	255
188	256
188	257
188	966
189	218
189	219
189	220
189	221
189	224
189	236
189	238
189	240
189	242
189	244
189	246
189	251
190	34
190	40
190	42
190	61
190	124
190	135
190	172
190	179
190	185
190	233
190	244
190	479
191	1
191	195
191	212
191	216
191	223
191	226
191	231
191	234
191	240
191	248
191	249
191	549
192	168
192	194
192	203
192	213
192	216
192	219
192	223
192	231
192	234
192	240
192	248
192	249
193	5
193	30
193	76
193	77
193	102
193	126
193	138
193	157
193	178
193	186
193	208
193	257
194	113
194	155
194	192
194	216
194	226
194	231
194	234
194	240
194	248
194	249
194	257
194	593
195	101
195	122
195	134
195	191
195	223
195	226
195	231
195	233
195	234
195	240
195	248
195	249
195	328
196	186
196	237
196	239
196	243
196	247
196	250
196	252
196	253
196	254
196	255
196	256
196	257
196	970
197	112
197	232
197	239
197	243
197	247
197	250
197	252
197	253
197	254
197	255
197	256
197	257
197	959
198	11
198	21
198	25
198	36
198	53
198	65
198	88
198	99
198	105
198	107
198	110
198	202
198	227
199	49
199	75
199	83
199	114
199	152
199	177
199	183
199	217
199	228
199	229
199	235
199	241
199	245
200	31
200	62
200	74
200	85
200	103
200	147
200	170
200	171
200	207
200	215
200	231
200	232
200	538
201	140
201	230
201	237
201	239
201	243
201	247
201	250
201	252
201	253
201	254
201	255
201	256
201	257
201	935
202	8
202	11
202	24
202	41
202	47
202	63
202	67
202	95
202	105
202	107
202	180
202	198
202	227
202	584
203	99
203	161
203	192
203	213
203	216
203	223
203	226
203	231
203	234
203	240
203	248
203	249
203	253
203	621
204	119
204	214
204	218
204	219
204	220
204	224
204	236
204	238
204	242
204	244
204	246
204	251
204	942
205	39
205	64
205	74
205	133
205	141
205	147
205	162
205	164
205	170
205	171
205	207
205	215
205	220
205	225
205	232
206	7
206	33
206	102
206	128
206	134
206	137
206	138
206	139
206	143
206	148
206	157
206	178
206	184
206	208
206	214
207	12
207	17
207	26
207	133
207	147
207	151
207	162
207	170
207	171
207	200
207	205
207	215
207	221
207	225
207	232
208	30
208	71
208	76
208	125
208	126
208	128
208	137
208	143
208	148
208	151
208	157
208	178
208	193
208	206
208	938
209	81
209	221
209	222
209	230
209	237
209	239
209	243
209	247
209	250
209	252
209	253
209	254
209	255
209	256
209	257
209	619
210	221
210	222
210	224
210	230
210	237
210	239
210	243
210	244
210	247
210	250
210	252
210	253
210	254
210	255
210	256
210	257
211	114
211	119
211	121
211	152
211	173
211	175
211	177
211	182
211	214
211	217
211	228
211	229
211	235
211	241
211	245
211	945
212	191
212	221
212	222
212	230
212	237
212	239
212	243
212	247
212	250
212	252
212	253
212	254
212	255
212	256
212	257
212	814
213	48
213	115
213	149
213	155
213	165
213	168
213	192
213	203
213	216
213	223
213	226
213	230
213	231
213	234
213	240
213	248
213	249
213	437
214	204
214	206
214	211
214	218
214	219
214	220
214	224
214	236
214	238
214	242
214	244
214	246
214	251
214	630
215	12
215	17
215	27
215	39
215	74
215	85
215	109
215	137
215	141
215	151
215	170
215	171
215	200
215	205
215	207
215	225
215	232
215	540
216	59
216	109
216	160
216	161
216	188
216	191
216	192
216	194
216	203
216	213
216	223
216	226
216	231
216	234
216	240
216	246
216	248
216	249
216	581
217	78
217	96
217	119
217	129
217	132
217	146
217	152
217	164
217	173
217	181
217	182
217	183
217	199
217	211
217	228
217	229
217	235
217	241
217	245
218	86
218	189
218	204
218	214
218	219
218	220
218	224
218	236
218	238
218	242
218	244
218	246
218	251
218	256
218	925
219	69
219	98
219	169
219	189
219	192
219	204
219	214
219	218
219	220
219	224
219	236
219	237
219	238
219	242
219	244
219	246
219	251
219	614
220	22
220	70
220	146
220	154
220	156
220	169
220	189
220	204
220	205
220	214
220	218
220	219
220	224
220	236
220	238
220	242
220	244
220	246
220	251
220	255
220	937
221	189
221	207
221	209
221	210
221	212
221	222
221	230
221	237
221	239
221	243
221	247
221	250
221	252
221	253
221	254
221	255
221	256
221	257
221	961
222	111
222	174
222	209
222	210
222	212
222	221
222	230
222	237
222	239
222	243
222	247
222	250
222	252
222	253
222	254
222	255
222	256
222	257
222	619
223	4
223	44
223	80
223	91
223	100
223	109
223	113
223	134
223	153
223	166
223	191
223	192
223	195
223	203
223	213
223	216
223	231
223	234
223	240
223	248
223	249
223	252
223	495
224	23
224	45
224	65
224	104
224	140
224	142
224	159
224	169
224	189
224	204
224	210
224	214
224	218
224	219
224	220
224	236
224	238
224	242
224	244
224	246
224	251
224	590
224	917
225	12
225	13
225	26
225	27
225	39
225	56
225	57
225	62
225	64
225	74
225	85
225	124
225	133
225	141
225	147
225	151
225	162
225	171
225	205
225	207
225	215
225	232
225	617
226	86
226	99
226	101
226	122
226	149
226	160
226	165
226	166
226	168
226	191
226	194
226	195
226	203
226	213
226	216
226	230
226	231
226	234
226	235
226	240
226	248
226	249
226	577
227	8
227	11
227	19
227	20
227	21
227	24
227	25
227	36
227	37
227	47
227	63
227	65
227	67
227	88
227	95
227	110
227	131
227	180
227	198
227	202
227	240
227	243
227	434
228	35
228	66
228	75
228	93
228	94
228	106
228	129
228	164
228	174
228	175
228	177
228	181
228	182
228	183
228	199
228	211
228	217
228	229
228	235
228	241
228	245
228	248
228	963
229	60
229	66
229	75
229	83
229	106
229	129
229	150
229	173
229	174
229	175
229	177
229	181
229	182
229	183
229	199
229	211
229	217
229	228
229	235
229	241
229	245
229	254
229	257
229	993
230	165
230	201
230	209
230	210
230	212
230	213
230	221
230	222
230	226
230	237
230	239
230	243
230	247
230	250
230	252
230	253
230	254
230	255
230	256
230	257
230	591
231	15
231	44
231	86
231	91
231	101
231	108
231	134
231	155
231	161
231	165
231	166
231	191
231	192
231	194
231	195
231	200
231	203
231	213
231	216
231	223
231	226
231	234
231	240
231	248
231	249
231	250
231	612
232	13
232	27
232	31
232	39
232	43
232	49
232	56
232	64
232	74
232	85
232	103
232	133
232	141
232	147
232	151
232	162
232	170
232	171
232	176
232	197
232	200
232	205
232	207
232	215
232	225
232	254
232	818
233	16
233	18
233	28
233	34
233	40
233	42
233	50
233	61
233	82
233	112
233	117
233	118
233	120
233	124
233	130
233	131
233	135
233	144
233	158
233	172
233	179
233	185
233	190
233	195
233	248
233	285
233	610
234	1
234	4
234	101
234	108
234	122
234	149
234	155
234	161
234	166
234	168
234	191
234	192
234	194
234	195
234	203
234	213
234	216
234	223
234	226
234	231
234	239
234	240
234	248
234	249
234	251
234	252
234	836
235	6
235	79
235	92
235	93
235	96
235	106
235	114
235	119
235	129
235	152
235	164
235	173
235	174
235	175
235	177
235	181
235	182
235	183
235	199
235	211
235	217
235	226
235	228
235	229
235	241
235	245
235	248
235	445
236	9
236	14
236	73
236	80
236	98
236	127
236	140
236	142
236	146
236	154
236	156
236	159
236	169
236	189
236	204
236	214
236	218
236	219
236	220
236	224
236	238
236	242
236	243
236	244
236	246
236	251
236	257
236	862
237	196
237	201
237	209
237	210
237	212
237	219
237	221
237	222
237	230
237	238
237	239
237	240
237	243
237	247
237	250
237	252
237	253
237	254
237	255
237	256
237	257
237	311
238	9
238	69
238	70
238	73
238	81
238	111
238	115
238	123
238	127
238	135
238	146
238	154
238	156
238	159
238	169
238	180
238	189
238	204
238	214
238	218
238	219
238	220
238	224
238	236
238	237
238	242
238	244
238	246
238	251
238	697
238	988
239	95
239	187
239	188
239	196
239	197
239	201
239	209
239	210
239	212
239	221
239	222
239	230
239	234
239	237
239	241
239	243
239	247
239	250
239	252
239	253
239	254
239	255
239	256
239	257
239	984
240	1
240	4
240	15
240	59
240	101
240	113
240	122
240	134
240	149
240	155
240	160
240	165
240	166
240	168
240	189
240	191
240	192
240	194
240	195
240	203
240	213
240	216
240	223
240	226
240	227
240	231
240	234
240	237
240	248
240	249
240	614
240	875
241	21
241	60
241	78
241	79
241	83
241	92
241	93
241	94
241	96
241	106
241	114
241	119
241	129
241	150
241	152
241	173
241	174
241	177
241	181
241	182
241	183
241	199
241	211
241	217
241	228
241	229
241	235
241	239
241	243
241	245
241	487
241	893
242	22
242	81
242	83
242	87
242	98
242	104
242	111
242	115
242	127
242	140
242	142
242	146
242	154
242	156
242	159
242	169
242	189
242	204
242	214
242	218
242	219
242	220
242	224
242	236
242	238
242	244
242	246
242	249
242	251
242	256
242	443
242	511
243	176
243	187
243	188
243	196
243	197
243	201
243	209
243	210
243	212
243	221
243	222
243	227
243	230
243	236
243	237
243	239
243	241
243	247
243	250
243	252
243	253
243	254
243	255
243	256
243	257
243	564
243	999
244	13
244	14
244	23
244	45
244	69
244	70
244	73
244	104
244	111
244	115
244	123
244	140
244	142
244	146
244	154
244	156
244	159
244	169
244	189
244	190
244	204
244	210
244	214
244	218
244	219
244	220
244	224
244	236
244	238
244	242
244	246
244	251
244	539
245	19
245	60
245	66
245	78
245	79
245	83
245	92
245	93
245	94
245	96
245	106
245	114
245	119
245	129
245	164
245	169
245	173
245	174
245	175
245	177
245	181
245	182
245	183
245	199
245	211
245	217
245	228
245	229
245	235
245	241
245	249
245	250
245	602
246	9
246	14
246	22
246	23
246	45
246	69
246	81
246	111
246	115
246	123
246	127
246	140
246	142
246	148
246	154
246	156
246	159
246	172
246	189
246	204
246	214
246	216
246	218
246	219
246	220
246	224
246	236
246	238
246	242
246	244
246	251
246	254
246	737
246	982
247	153
247	157
247	159
247	167
247	175
247	176
247	187
247	188
247	196
247	197
247	201
247	209
247	210
247	212
247	221
247	222
247	230
247	237
247	239
247	243
247	250
247	252
247	253
247	254
247	255
247	256
247	257
247	654
247	972
248	1
248	44
248	48
248	59
248	62
248	80
248	86
248	91
248	99
248	100
248	108
248	109
248	113
248	134
248	149
248	155
248	160
248	161
248	165
248	166
248	168
248	191
248	192
248	194
248	195
248	203
248	213
248	216
248	223
248	226
248	228
248	231
248	233
248	234
248	235
248	240
248	249
248	508
248	620
249	4
249	15
249	44
249	48
249	59
249	80
249	86
249	91
249	99
249	100
249	108
249	109
249	122
249	134
249	149
249	155
249	160
249	161
249	165
249	166
249	168
249	171
249	191
249	192
249	194
249	195
249	203
249	213
249	216
249	223
249	226
249	231
249	234
249	240
249	242
249	245
249	248
249	254
249	620
249	995
250	32
250	38
250	41
250	48
250	54
250	57
250	58
250	97
250	116
250	118
250	121
250	132
250	136
250	153
250	167
250	176
250	187
250	188
250	196
250	197
250	201
250	209
250	210
250	212
250	221
250	222
250	230
250	231
250	237
250	239
250	243
250	245
250	247
250	252
250	253
250	254
250	255
250	256
250	257
250	618
250	684
251	9
251	14
251	22
251	23
251	45
251	69
251	70
251	73
251	75
251	81
251	98
251	104
251	111
251	115
251	123
251	127
251	140
251	142
251	146
251	150
251	154
251	156
251	159
251	162
251	169
251	189
251	204
251	214
251	218
251	219
251	220
251	224
251	234
251	236
251	238
251	242
251	244
251	246
251	255
251	494
251	556
252	3
252	32
252	51
252	55
252	68
252	89
252	90
252	97
252	116
252	125
252	130
252	132
252	145
252	167
252	176
252	178
252	187
252	188
252	196
252	197
252	201
252	209
252	210
252	212
252	221
252	222
252	223
252	230
252	234
252	237
252	239
252	243
252	247
252	250
252	253
252	254
252	255
252	256
252	257
252	606
252	822
252	994
253	10
253	17
253	35
253	46
253	51
253	54
253	68
253	77
253	87
253	97
253	103
253	116
253	121
253	130
253	136
253	145
253	153
253	167
253	176
253	187
253	188
253	196
253	197
253	201
253	203
253	209
253	210
253	212
253	221
253	222
253	230
253	237
253	239
253	243
253	247
253	250
253	252
253	254
253	255
253	256
253	257
253	493
253	642
254	32
254	35
254	38
254	57
254	68
254	87
254	89
254	116
254	121
254	130
254	132
254	136
254	145
254	153
254	167
254	176
254	179
254	187
254	188
254	196
254	197
254	201
254	209
254	210
254	212
254	221
254	222
254	229
254	230
254	232
254	237
254	239
254	243
254	246
254	247
254	249
254	250
254	252
254	253
254	255
254	256
254	257
254	542
254	668
254	993
255	6
255	10
255	46
255	51
255	54
255	55
255	58
255	87
255	90
255	116
255	121
255	123
255	130
255	132
255	136
255	141
255	145
255	153
255	167
255	176
255	184
255	187
255	188
255	196
255	197
255	201
255	209
255	210
255	212
255	220
255	221
255	222
255	230
255	237
255	239
255	243
255	247
255	250
255	251
255	252
255	253
255	254
255	256
255	257
255	718
255	995
256	3
256	10
256	32
256	35
256	38
256	41
256	46
256	58
256	73
256	89
256	90
256	97
256	116
256	121
256	122
256	130
256	132
256	136
256	145
256	153
256	167
256	176
256	183
256	187
256	188
256	196
256	197
256	201
256	209
256	210
256	212
256	218
256	221
256	222
256	230
256	237
256	239
256	242
256	243
256	247
256	250
256	252
256	253
256	254
256	255
256	257
256	587
256	928
257	3
257	6
257	10
257	46
257	51
257	54
257	55
257	57
257	58
257	68
257	87
257	90
257	97
257	130
257	132
257	136
257	145
257	153
257	158
257	167
257	176
257	187
257	188
257	193
257	194
257	196
257	197
257	201
257	209
257	210
257	212
257	221
257	222
257	229
257	230
257	236
257	237
257	239
257	243
257	247
257	250
257	252
257	253
257	254
257	255
257	256
257	677
257	971
258	524
258	604
258	613
258	991
259	391
259	547
259	619
259	621
260	463
260	543
260	574
260	593
261	501
261	504
261	553
261	614
262	454
262	461
262	592
262	603
263	403
263	469
263	562
263	582
264	609
264	612
264	616
264	618
265	268
265	557
265	596
265	601
266	341
266	468
266	513
266	603
267	577
267	605
267	608
267	618
268	265
268	487
268	573
268	614
269	507
269	594
269	611
269	615
270	529
270	600
270	619
270	621
271	478
271	610
271	619
271	622
272	589
272	597
272	598
272	599
273	399
273	436
273	562
273	582
274	495
274	546
274	567
274	595
275	558
275	594
275	611
275	615
276	548
276	568
276	596
276	601
277	561
277	573
277	609
277	614
278	556
278	604
278	613
278	617
279	143
279	607
279	621
279	622
280	308
280	573
280	588
280	614
281	313
281	594
281	611
281	615
282	470
282	549
282	566
282	570
283	392
283	470
283	588
283	614
284	453
284	456
284	561
284	614
285	233
285	527
285	613
285	617
286	591
286	619
286	620
286	621
287	587
287	603
287	610
287	622
288	375
288	403
288	445
288	521
289	520
289	541
289	584
289	593
290	363
290	387
290	403
290	562
291	602
291	609
291	618
291	968
292	490
292	547
292	604
292	617
293	602
293	612
293	616
293	618
294	576
294	596
294	601
294	605
295	514
295	606
295	611
295	615
296	602
296	609
296	612
296	618
297	411
297	588
297	614
297	998
298	453
298	494
298	588
298	614
299	413
299	542
299	546
299	595
300	551
300	568
300	596
300	601
301	590
301	607
301	619
301	620
302	349
302	425
302	567
302	595
303	521
303	562
303	582
303	622
304	608
304	616
304	618
304	952
305	411
305	573
305	588
305	614
306	547
306	605
306	613
306	617
307	551
307	563
307	596
307	601
308	280
308	518
308	614
308	899
309	313
309	371
309	511
309	595
310	597
310	598
310	599
310	998
311	237
311	597
311	598
311	599
312	390
312	524
312	605
312	617
313	281
313	309
313	413
313	567
314	571
314	597
314	598
314	599
315	321
315	430
315	578
315	593
316	532
316	559
316	596
316	601
317	584
317	590
317	607
317	622
318	559
318	576
318	596
318	601
319	540
319	584
319	604
319	605
320	399
320	541
320	578
320	592
321	315
321	574
321	592
321	615
322	383
322	536
322	607
322	619
323	606
323	611
323	615
323	621
324	594
324	606
324	615
324	989
325	423
325	549
325	580
325	585
326	530
326	597
326	598
326	599
327	467
327	543
327	564
327	578
328	195
328	376
328	434
328	445
329	509
329	532
329	596
329	601
330	589
330	597
330	599
330	615
331	440
331	468
331	584
331	603
332	594
332	606
332	615
332	985
333	532
333	557
333	596
333	601
334	462
334	546
334	565
334	595
335	411
335	436
335	561
335	614
336	602
336	612
336	616
336	618
337	608
337	609
337	616
337	618
338	552
338	566
338	579
338	585
339	363
339	376
339	521
339	582
340	542
340	546
340	567
340	595
341	266
341	606
341	611
341	615
342	420
342	484
342	565
342	987
343	604
343	605
343	613
343	617
344	460
344	488
344	606
344	615
345	571
345	597
345	598
345	599
346	557
346	559
346	601
346	616
347	511
347	552
347	570
347	580
348	586
348	602
348	616
348	618
349	302
349	565
349	595
349	979
350	419
350	542
350	565
350	595
351	589
351	597
351	598
351	599
352	395
352	533
352	584
352	603
353	451
353	542
353	595
353	977
354	581
354	594
354	606
354	611
354	615
355	569
355	580
355	589
355	597
355	598
356	422
356	530
356	619
356	621
356	622
357	408
357	590
357	600
357	619
357	962
358	571
358	589
358	597
358	598
358	599
359	572
359	577
359	608
359	616
359	618
360	587
360	610
360	617
360	620
360	622
361	501
361	507
361	525
361	614
361	904
362	364
362	527
362	569
362	613
362	617
363	290
363	339
363	434
363	582
363	592
364	362
364	537
364	605
364	613
364	617
365	486
365	600
365	610
365	619
365	620
366	581
366	606
366	611
366	615
366	865
367	544
367	606
367	611
367	615
367	620
368	508
368	573
368	576
368	614
368	987
369	413
369	450
369	541
369	546
369	595
370	441
370	594
370	606
370	611
370	615
371	309
371	374
371	495
371	595
371	908
372	554
372	610
372	619
372	622
372	965
373	402
373	523
373	550
373	611
373	858
374	371
374	388
374	539
374	565
374	595
375	288
375	387
375	469
375	562
375	582
376	328
376	339
376	436
376	562
376	582
377	162
377	534
377	606
377	611
377	615
378	36
378	533
378	592
378	593
378	603
379	469
379	521
379	562
379	582
379	606
380	430
380	515
380	520
380	593
380	603
381	451
381	548
381	576
381	601
381	618
382	604
382	605
382	612
382	613
382	617
383	322
383	560
383	610
383	620
383	621
384	499
384	549
384	570
384	580
384	585
385	387
385	403
385	434
385	469
385	582
386	533
386	574
386	592
386	603
386	622
387	290
387	375
387	385
387	562
387	582
388	374
388	484
388	565
388	567
388	595
389	431
389	586
389	609
389	616
389	618
390	312
390	480
390	556
390	613
390	617
391	259
391	516
391	587
391	619
391	622
392	283
392	413
392	573
392	588
392	614
393	467
393	533
393	578
393	584
393	592
394	448
394	485
394	529
394	621
394	622
395	352
395	578
395	584
395	592
395	593
396	470
396	473
396	561
396	588
396	614
397	466
397	586
397	612
397	616
397	618
398	534
398	542
398	565
398	567
398	595
399	273
399	320
399	521
399	562
399	582
400	520
400	578
400	593
400	619
400	941
401	489
401	604
401	605
401	613
401	617
402	373
402	589
402	597
402	598
402	599
403	263
403	288
403	290
403	385
403	582
404	539
404	541
404	543
404	603
404	617
405	519
405	522
405	530
405	575
405	583
406	479
406	505
406	506
406	604
406	605
406	617
407	525
407	594
407	610
407	620
407	621
407	622
408	357
408	547
408	600
408	607
408	619
408	620
409	586
409	608
409	609
409	612
409	616
409	618
410	608
410	609
410	612
410	616
410	618
410	994
411	297
411	305
411	335
411	507
411	573
411	614
412	511
412	545
412	549
412	552
412	570
412	580
413	299
413	313
413	369
413	392
413	565
413	595
414	513
414	557
414	604
414	605
414	613
414	617
415	467
415	491
415	607
415	619
415	620
415	622
416	421
416	426
416	552
416	580
416	585
416	606
417	477
417	554
417	560
417	599
417	621
417	622
418	474
418	489
418	550
418	605
418	613
418	617
419	350
419	491
419	542
419	546
419	595
419	892
420	342
420	545
420	566
420	570
420	580
420	585
421	416
421	426
421	502
421	545
421	580
421	585
422	356
422	526
422	591
422	600
422	621
422	622
423	325
423	426
423	523
423	549
423	566
423	585
424	569
424	571
424	589
424	597
424	598
424	599
425	302
425	590
425	600
425	607
425	610
425	996
426	416
426	421
426	423
426	570
426	580
426	585
427	571
427	589
427	590
427	597
427	598
427	599
428	150
428	594
428	606
428	611
428	615
428	619
429	537
429	540
429	604
429	605
429	613
429	617
430	315
430	380
430	515
430	566
430	574
430	593
431	389
431	545
431	552
431	566
431	585
431	889
432	571
432	577
432	589
432	597
432	598
432	599
433	447
433	450
433	565
433	567
433	595
433	975
434	227
434	328
434	363
434	385
434	562
434	582
435	497
435	550
435	573
435	581
435	594
435	615
436	273
436	335
436	376
436	521
436	562
436	582
437	213
437	534
437	594
437	606
437	611
437	615
438	497
438	570
438	581
438	606
438	611
438	615
439	448
439	579
439	608
439	609
439	616
439	618
440	331
440	533
440	537
440	539
440	574
440	943
441	370
441	557
441	563
441	568
441	596
441	601
442	602
442	609
442	612
442	616
442	618
442	986
443	242
443	482
443	493
443	529
443	610
443	622
444	496
444	541
444	592
444	593
444	603
444	614
445	235
445	288
445	328
445	527
445	582
445	611
446	486
446	535
446	574
446	619
446	620
446	621
447	433
447	579
447	608
447	612
447	616
447	618
448	394
448	439
448	498
448	610
448	620
448	622
449	572
449	602
449	608
449	609
449	612
449	616
449	618
450	369
450	433
450	495
450	565
450	567
450	591
450	595
451	353
451	381
451	558
451	568
451	576
451	596
451	601
452	547
452	556
452	597
452	604
452	605
452	613
452	617
453	284
453	298
453	501
453	507
453	508
453	531
453	614
454	262
454	533
454	590
454	592
454	593
454	603
454	955
455	163
455	569
455	571
455	589
455	597
455	598
455	599
456	284
456	475
456	507
456	561
456	588
456	595
456	614
457	602
457	608
457	609
457	610
457	612
457	616
457	618
458	555
458	569
458	571
458	589
458	597
458	598
458	599
459	475
459	477
459	501
459	531
459	573
459	614
459	1000
460	344
460	534
460	544
460	581
460	606
460	615
460	829
461	262
461	496
461	536
461	541
461	574
461	593
461	603
462	334
462	539
462	574
462	584
462	593
462	603
462	824
463	260
463	502
463	545
463	552
463	566
463	580
463	585
464	537
464	547
464	594
464	604
464	605
464	613
464	617
465	548
465	551
465	568
465	572
465	576
465	596
465	601
466	397
466	489
466	524
466	540
466	604
466	605
466	617
467	327
467	393
467	415
467	520
467	543
467	584
467	603
468	266
468	331
468	515
468	533
468	539
468	603
468	996
469	263
469	375
469	379
469	385
469	521
469	616
469	841
470	282
470	283
470	396
470	518
470	561
470	588
470	614
471	513
471	539
471	541
471	578
471	584
471	593
471	989
472	572
472	577
472	602
472	608
472	609
472	612
472	618
473	396
473	496
473	539
473	541
473	543
473	578
473	592
474	418
474	506
474	537
474	540
474	604
474	613
474	617
475	456
475	459
475	504
475	531
475	561
475	588
475	614
476	560
476	571
476	589
476	597
476	598
476	599
476	991
477	417
477	459
477	503
477	553
477	600
477	620
477	621
477	622
478	187
478	271
478	564
478	575
478	590
478	620
478	621
478	622
479	190
479	406
479	556
479	587
479	604
479	605
479	613
479	617
480	390
480	579
480	602
480	608
480	609
480	612
480	616
480	618
481	533
481	601
481	602
481	608
481	609
481	612
481	616
481	618
482	443
482	579
482	586
482	602
482	609
482	612
482	616
482	618
483	138
483	519
483	587
483	593
483	619
483	620
483	621
483	622
484	152
484	342
484	388
484	495
484	503
484	546
484	565
484	567
485	394
485	496
485	513
485	574
485	578
485	584
485	593
485	603
486	365
486	446
486	583
486	600
486	607
486	619
486	621
486	622
487	241
487	268
487	518
487	546
487	561
487	573
487	588
487	614
488	344
488	523
488	581
488	594
488	606
488	611
488	615
488	616
489	401
489	418
489	466
489	527
489	540
489	604
489	613
489	617
490	292
490	529
490	540
490	547
490	604
490	605
490	613
490	617
491	415
491	419
491	493
491	560
491	591
491	607
491	619
491	622
492	498
492	519
492	551
492	553
492	583
492	610
492	620
492	621
493	253
493	443
493	491
493	554
493	590
493	591
493	598
493	607
494	251
494	298
494	586
494	608
494	609
494	612
494	616
494	618
495	223
495	274
495	371
495	450
495	484
495	500
495	546
495	567
495	595
496	444
496	461
496	473
496	485
496	526
496	574
496	584
496	603
496	997
497	435
497	438
497	510
497	523
497	594
497	606
497	611
497	615
497	620
498	448
498	492
498	510
498	553
498	560
498	587
498	610
498	620
498	992
499	19
499	384
499	586
499	602
499	608
499	609
499	612
499	616
499	618
500	495
500	577
500	579
500	586
500	602
500	608
500	609
500	612
500	616
500	618
501	261
501	361
501	453
501	459
501	538
501	561
501	573
501	588
501	614
502	421
502	463
502	521
502	549
502	552
502	566
502	570
502	580
502	585
503	477
503	484
503	554
503	575
503	587
503	600
503	607
503	619
503	621
504	261
504	475
504	508
504	518
504	573
504	586
504	588
504	614
504	863
505	406
505	506
505	537
505	547
505	556
505	604
505	605
505	612
505	613
505	617
506	406
506	474
506	505
506	537
506	556
506	604
506	605
506	613
506	617
506	619
507	175
507	269
507	361
507	411
507	453
507	456
507	508
507	531
507	588
507	614
508	248
508	368
508	453
508	504
508	507
508	531
508	561
508	573
508	603
508	614
509	329
509	548
509	551
509	558
509	559
509	562
509	563
509	568
509	596
509	601
510	107
510	497
510	498
510	516
510	544
510	550
510	594
510	606
510	611
510	615
511	242
511	309
511	347
511	412
511	545
511	549
511	566
511	570
511	580
511	585
512	528
512	530
512	583
512	590
512	600
512	607
512	610
512	620
512	621
512	622
513	266
513	414
513	471
513	485
513	539
513	574
513	578
513	592
513	593
513	900
514	295
514	523
514	544
514	550
514	594
514	606
514	611
514	614
514	615
514	791
515	380
515	430
515	468
515	520
515	541
515	574
515	578
515	593
515	608
515	983
516	391
516	510
516	534
516	544
516	550
516	581
516	594
516	606
516	611
516	615
517	523
517	534
517	543
517	550
517	581
517	594
517	606
517	611
517	615
517	912
518	308
518	470
518	487
518	504
518	531
518	535
518	561
518	573
518	588
518	614
518	880
519	405
519	483
519	492
519	590
519	595
519	610
519	619
519	620
519	621
519	622
519	947
520	289
520	380
520	400
520	467
520	515
520	533
520	574
520	578
520	592
520	603
520	609
521	288
521	303
521	339
521	379
521	399
521	436
521	469
521	502
521	562
521	582
521	973
522	405
522	572
522	577
522	579
522	586
522	602
522	608
522	609
522	612
522	616
522	618
523	373
523	423
523	488
523	497
523	514
523	517
523	534
523	581
523	611
523	615
523	964
524	258
524	312
524	466
524	537
524	547
524	556
524	559
524	604
524	605
524	613
524	617
525	361
525	407
525	536
525	553
525	587
525	591
525	600
525	620
525	621
525	622
525	999
526	38
526	422
526	496
526	529
526	583
526	591
526	610
526	619
526	620
526	621
526	622
527	285
527	362
527	445
527	489
527	537
527	547
527	585
527	604
527	605
527	613
527	617
528	512
528	555
528	569
528	571
528	589
528	597
528	598
528	599
529	270
529	394
529	443
529	490
529	526
529	591
529	607
529	610
529	619
529	620
529	621
530	326
530	356
530	405
530	512
530	560
530	564
530	590
530	619
530	621
530	622
530	884
531	453
531	459
531	475
531	507
531	508
531	518
531	561
531	588
531	614
531	620
531	621
532	316
532	329
532	333
532	548
532	558
532	563
532	568
532	576
532	591
532	596
532	601
533	352
533	378
533	386
533	393
533	440
533	454
533	468
533	481
533	520
533	584
533	603
533	997
534	377
534	398
534	437
534	460
534	516
534	517
534	523
534	544
534	581
534	606
534	611
534	615
535	446
535	518
535	536
535	575
535	591
535	600
535	607
535	610
535	619
535	621
535	622
535	874
536	322
536	461
536	525
536	535
536	538
536	564
536	583
536	587
536	590
536	619
536	620
536	622
537	364
537	429
537	440
537	464
537	474
537	505
537	506
537	524
537	527
537	605
537	613
537	617
538	200
538	501
538	536
538	572
538	577
538	579
538	602
538	608
538	609
538	612
538	616
538	618
539	244
539	374
539	404
539	440
539	462
539	468
539	471
539	473
539	513
539	543
539	584
539	592
539	603
540	215
540	319
540	429
540	466
540	474
540	489
540	490
540	556
540	598
540	604
540	605
540	613
540	617
541	289
541	320
541	369
541	404
541	444
541	461
541	471
541	473
541	515
541	592
541	593
541	603
541	761
542	254
542	299
542	340
542	350
542	353
542	398
542	419
542	546
542	565
542	567
542	595
542	598
542	617
543	260
543	327
543	404
543	467
543	473
543	517
543	539
543	574
543	578
543	584
543	592
543	593
543	603
543	957
544	367
544	460
544	510
544	514
544	516
544	534
544	550
544	555
544	581
544	594
544	606
544	611
544	615
544	887
545	412
545	420
545	421
545	431
545	463
545	511
545	549
545	552
545	566
545	570
545	583
545	585
545	600
545	956
546	274
546	299
546	334
546	340
546	369
546	419
546	484
546	487
546	495
546	542
546	567
546	595
546	620
546	994
547	259
547	292
547	306
547	408
547	452
547	464
547	490
547	505
547	524
547	527
547	604
547	605
547	613
547	617
548	276
548	381
548	465
548	509
548	532
548	557
548	558
548	559
548	563
548	568
548	576
548	596
548	601
548	616
549	191
549	282
549	325
549	384
549	412
549	423
549	502
549	511
549	545
549	559
549	566
549	570
549	580
549	585
550	373
550	418
550	435
550	510
550	514
550	516
550	517
550	544
550	581
550	594
550	606
550	611
550	615
550	621
551	300
551	307
551	465
551	492
551	509
551	557
551	558
551	559
551	563
551	568
551	576
551	596
551	601
551	673
552	338
552	347
552	412
552	416
552	431
552	463
552	502
552	545
552	560
552	566
552	570
552	580
552	585
552	724
553	184
553	261
553	477
553	492
553	498
553	525
553	564
553	575
553	587
553	607
553	610
553	620
553	621
553	622
554	372
554	417
554	493
554	503
554	560
554	580
554	583
554	591
554	600
554	607
554	609
554	619
554	620
554	621
555	458
555	528
555	544
555	569
555	571
555	589
555	597
555	598
555	599
556	251
556	278
556	390
556	452
556	479
556	505
556	506
556	524
556	540
556	570
556	594
556	604
556	605
556	613
556	617
557	265
557	333
557	346
557	414
557	441
557	548
557	551
557	558
557	559
557	563
557	568
557	576
557	596
557	601
557	629
558	173
558	275
558	451
558	509
558	532
558	548
558	551
558	557
558	559
558	563
558	565
558	568
558	576
558	596
558	601
559	316
559	318
559	346
559	509
559	524
559	548
559	549
559	551
559	557
559	558
559	563
559	568
559	576
559	596
559	601
560	383
560	417
560	476
560	491
560	498
560	530
560	552
560	554
560	590
560	600
560	610
560	619
560	620
560	621
560	622
561	277
561	284
561	335
561	396
561	456
561	470
561	475
561	487
561	501
561	508
561	518
561	531
561	588
561	604
561	614
561	919
562	263
562	273
562	290
562	303
562	375
562	376
562	379
562	387
562	399
562	434
562	436
562	509
562	521
562	582
562	611
562	981
563	307
563	441
563	509
563	532
563	548
563	551
563	557
563	558
563	559
563	568
563	576
563	587
563	596
563	600
563	601
563	788
564	243
564	327
564	478
564	530
564	536
564	553
564	575
564	583
564	587
564	591
564	600
564	607
564	619
564	620
564	621
564	622
565	334
565	342
565	349
565	350
565	374
565	388
565	398
565	413
565	433
565	450
565	484
565	542
565	558
565	567
565	595
565	721
566	282
566	338
566	420
566	423
566	430
566	431
566	463
566	502
566	511
566	545
566	549
566	552
566	570
566	580
566	585
566	864
567	274
567	302
567	313
567	340
567	388
567	398
567	433
567	450
567	484
567	495
567	542
567	546
567	565
567	595
567	602
567	954
568	276
568	300
568	441
568	451
568	465
568	509
568	532
568	548
568	551
568	557
568	558
568	559
568	563
568	575
568	576
568	596
568	601
569	355
569	362
569	424
569	455
569	458
569	528
569	555
569	571
569	589
569	597
569	598
569	599
569	878
570	282
570	347
570	384
570	412
570	420
570	426
570	438
570	502
570	511
570	545
570	549
570	552
570	556
570	566
570	580
570	585
570	960
571	314
571	345
571	358
571	424
571	427
571	432
571	455
571	458
571	476
571	528
571	555
571	569
571	589
571	597
571	598
571	599
571	608
572	359
572	449
572	465
572	472
572	522
572	538
572	577
572	579
572	586
572	602
572	608
572	609
572	612
572	616
572	618
572	622
572	953
573	268
573	277
573	280
573	305
573	368
573	392
573	411
573	435
573	459
573	487
573	501
573	504
573	508
573	518
573	578
573	588
573	614
573	656
574	260
574	321
574	386
574	430
574	440
574	446
574	461
574	462
574	485
574	496
574	513
574	515
574	520
574	543
574	592
574	596
574	603
574	833
575	49
575	405
575	478
575	503
575	535
575	553
575	564
575	568
575	587
575	590
575	591
575	607
575	610
575	615
575	619
575	620
575	621
575	622
576	89
576	294
576	318
576	368
576	381
576	451
576	465
576	532
576	548
576	551
576	557
576	558
576	559
576	563
576	568
576	596
576	601
576	620
577	226
577	267
577	359
577	432
577	472
577	500
577	522
577	538
577	572
577	579
577	586
577	602
577	608
577	609
577	612
577	616
577	618
577	619
578	315
578	320
578	327
578	393
578	395
578	400
578	471
578	473
578	485
578	513
578	515
578	520
578	543
578	573
578	584
578	592
578	593
578	603
578	948
579	338
579	439
579	447
579	480
579	482
579	500
579	522
579	538
579	572
579	577
579	586
579	602
579	604
579	608
579	609
579	612
579	616
579	618
579	903
580	325
580	347
580	355
580	384
580	412
580	416
580	420
580	421
580	426
580	463
580	502
580	511
580	549
580	552
580	554
580	566
580	570
580	585
580	985
581	216
581	354
581	366
581	435
581	438
581	460
581	488
581	516
581	517
581	523
581	534
581	544
581	550
581	594
581	603
581	606
581	610
581	611
581	615
582	263
582	273
582	303
582	339
582	363
582	375
582	376
582	379
582	385
582	387
582	399
582	403
582	434
582	436
582	445
582	521
582	562
582	592
582	618
582	976
583	405
583	486
583	492
583	512
583	526
583	536
583	545
583	554
583	564
583	587
583	589
583	590
583	591
583	607
583	610
583	619
583	620
583	621
583	622
583	922
584	202
584	289
584	317
584	319
584	331
584	352
584	393
584	395
584	462
584	467
584	471
584	485
584	496
584	533
584	539
584	543
584	578
584	592
584	593
584	603
585	180
585	325
585	338
585	384
585	416
585	420
585	421
585	423
585	426
585	431
585	463
585	502
585	511
585	527
585	545
585	549
585	552
585	566
585	570
585	580
585	593
586	348
586	389
586	397
586	409
586	482
586	494
586	499
586	500
586	504
586	522
586	572
586	577
586	579
586	602
586	608
586	609
586	612
586	616
586	618
586	622
586	979
587	256
587	287
587	360
587	391
587	479
587	483
587	498
587	503
587	525
587	536
587	553
587	563
587	564
587	575
587	583
587	600
587	607
587	610
587	619
587	620
587	621
587	622
588	280
588	283
588	297
588	298
588	305
588	392
588	396
588	456
588	470
588	475
588	487
588	501
588	504
588	507
588	518
588	531
588	561
588	573
588	602
588	606
588	614
588	969
589	185
589	272
589	330
589	351
589	355
589	358
589	402
589	424
589	427
589	432
589	455
589	458
589	476
589	528
589	555
589	569
589	571
589	583
589	597
589	598
589	599
589	607
589	614
590	224
590	301
590	317
590	357
590	425
590	427
590	454
590	478
590	493
590	512
590	519
590	530
590	536
590	560
590	575
590	583
590	591
590	600
590	607
590	610
590	620
590	621
590	622
591	230
591	286
591	422
591	450
591	491
591	493
591	525
591	526
591	529
591	532
591	535
591	554
591	564
591	575
591	583
591	590
591	600
591	607
591	610
591	613
591	619
591	620
591	621
591	622
592	262
592	320
592	321
592	363
592	378
592	386
592	393
592	395
592	444
592	454
592	473
592	513
592	520
592	539
592	541
592	543
592	574
592	578
592	582
592	584
592	593
592	603
592	707
592	768
593	194
593	260
593	289
593	315
593	378
593	380
593	395
593	400
593	430
593	444
593	454
593	461
593	462
593	471
593	483
593	485
593	513
593	515
593	541
593	543
593	578
593	584
593	585
593	592
593	603
593	740
594	269
594	275
594	281
594	324
594	332
594	354
594	370
594	407
594	428
594	435
594	437
594	464
594	488
594	497
594	510
594	514
594	516
594	517
594	544
594	550
594	556
594	581
594	606
594	611
594	615
594	978
595	274
595	299
595	302
595	309
595	334
595	340
595	349
595	350
595	353
595	369
595	371
595	374
595	388
595	398
595	413
595	419
595	433
595	450
595	456
595	495
595	519
595	542
595	546
595	565
595	567
595	897
596	265
596	276
596	294
596	300
596	307
596	316
596	318
596	329
596	333
596	441
596	451
596	465
596	509
596	532
596	548
596	551
596	557
596	558
596	559
596	563
596	568
596	574
596	576
596	601
596	613
596	915
597	272
597	310
597	311
597	314
597	326
597	330
597	345
597	351
597	355
597	358
597	402
597	424
597	427
597	432
597	452
597	455
597	458
597	476
597	528
597	555
597	569
597	571
597	589
597	598
597	599
597	615
597	812
598	272
598	310
598	311
598	314
598	326
598	345
598	351
598	355
598	358
598	402
598	424
598	427
598	432
598	455
598	458
598	476
598	493
598	528
598	540
598	542
598	555
598	569
598	571
598	589
598	597
598	599
598	980
599	272
599	310
599	311
599	314
599	326
599	330
599	345
599	351
599	358
599	402
599	417
599	424
599	427
599	432
599	455
599	458
599	476
599	528
599	555
599	569
599	571
599	589
599	597
599	598
599	604
599	608
599	995
600	60
600	270
600	357
600	365
600	408
600	422
600	425
600	477
600	486
600	503
600	512
600	525
600	535
600	545
600	554
600	560
600	563
600	564
600	587
600	590
600	591
600	602
600	607
600	610
600	619
600	620
600	621
600	622
601	265
601	276
601	294
601	300
601	307
601	316
601	318
601	329
601	333
601	346
601	381
601	441
601	451
601	465
601	481
601	509
601	532
601	548
601	551
601	557
601	558
601	559
601	563
601	568
601	576
601	596
601	618
601	621
601	914
602	245
602	291
602	293
602	296
602	336
602	348
602	442
602	449
602	457
602	472
602	480
602	481
602	482
602	499
602	500
602	522
602	538
602	567
602	572
602	577
602	579
602	586
602	588
602	600
602	608
602	609
602	612
602	616
602	618
602	1000
603	262
603	266
603	287
603	331
603	352
603	378
603	380
603	386
603	404
603	444
603	454
603	461
603	462
603	467
603	468
603	485
603	496
603	508
603	520
603	533
603	539
603	541
603	543
603	574
603	578
603	581
603	584
603	592
603	593
603	997
604	258
604	278
604	292
604	319
604	343
604	382
604	401
604	406
604	414
604	429
604	452
604	464
604	466
604	474
604	479
604	489
604	490
604	505
604	506
604	524
604	527
604	540
604	547
604	556
604	561
604	579
604	599
604	605
604	612
604	613
604	617
604	980
605	267
605	294
605	306
605	312
605	319
605	343
605	364
605	382
605	401
605	406
605	414
605	418
605	429
605	452
605	464
605	466
605	479
605	490
605	505
605	506
605	524
605	527
605	537
605	540
605	547
605	556
605	604
605	613
605	614
605	617
605	691
605	888
606	183
606	252
606	295
606	323
606	324
606	332
606	341
606	344
606	354
606	366
606	367
606	370
606	377
606	379
606	416
606	428
606	437
606	438
606	460
606	488
606	497
606	510
606	514
606	516
606	517
606	534
606	544
606	550
606	581
606	588
606	594
606	611
607	279
607	301
607	317
607	322
607	408
607	415
607	425
607	486
607	491
607	493
607	503
607	512
607	529
607	535
607	553
607	554
607	564
607	575
607	583
607	587
607	589
607	590
607	591
607	600
607	610
607	613
607	618
607	619
607	620
607	621
607	622
607	776
608	55
608	267
608	304
608	337
608	359
608	409
608	410
608	439
608	447
608	449
608	457
608	472
608	480
608	481
608	494
608	499
608	500
608	515
608	522
608	538
608	571
608	572
608	577
608	579
608	586
608	599
608	602
608	609
608	612
608	616
608	618
608	946
609	264
609	277
609	291
609	296
609	337
609	389
609	409
609	410
609	439
609	442
609	449
609	457
609	472
609	480
609	481
609	482
609	494
609	499
609	500
609	520
609	522
609	538
609	554
609	572
609	577
609	579
609	586
609	602
609	608
609	611
609	612
609	616
609	618
609	831
610	233
610	271
610	287
610	360
610	365
610	372
610	383
610	407
610	425
610	443
610	448
610	457
610	492
610	498
610	512
610	519
610	526
610	529
610	535
610	553
610	560
610	575
610	581
610	583
610	587
610	590
610	591
610	600
610	607
610	612
610	619
610	620
610	621
610	622
611	25
611	165
611	269
611	275
611	281
611	295
611	323
611	341
611	354
611	366
611	367
611	370
611	373
611	377
611	428
611	437
611	438
611	445
611	488
611	497
611	510
611	514
611	516
611	517
611	523
611	534
611	544
611	550
611	562
611	581
611	594
611	606
611	609
611	615
612	231
612	264
612	293
612	296
612	336
612	382
612	397
612	409
612	410
612	442
612	447
612	449
612	457
612	472
612	480
612	481
612	482
612	494
612	499
612	500
612	505
612	522
612	538
612	572
612	577
612	579
612	586
612	602
612	604
612	608
612	609
612	610
612	616
612	618
612	627
613	172
613	258
613	278
613	285
613	306
613	343
613	362
613	364
613	382
613	390
613	401
613	414
613	418
613	429
613	452
613	464
613	474
613	479
613	489
613	490
613	505
613	506
613	524
613	527
613	537
613	540
613	547
613	556
613	591
613	596
613	604
613	605
613	607
613	617
613	974
614	219
614	240
614	261
614	268
614	277
614	280
614	283
614	284
614	297
614	298
614	305
614	308
614	335
614	361
614	368
614	392
614	396
614	411
614	444
614	453
614	456
614	459
614	470
614	475
614	487
614	501
614	504
614	507
614	508
614	514
614	518
614	531
614	561
614	573
614	588
614	589
614	605
615	30
615	269
615	275
615	281
615	295
615	321
615	323
615	324
615	330
615	332
615	341
615	344
615	354
615	366
615	367
615	370
615	377
615	428
615	435
615	437
615	438
615	460
615	488
615	497
615	510
615	514
615	516
615	517
615	523
615	534
615	544
615	550
615	575
615	581
615	594
615	597
615	611
615	681
616	6
616	264
616	293
616	304
616	336
616	337
616	346
616	348
616	359
616	389
616	397
616	409
616	410
616	439
616	442
616	447
616	449
616	457
616	469
616	480
616	481
616	482
616	488
616	494
616	499
616	500
616	522
616	538
616	548
616	572
616	577
616	579
616	586
616	602
616	608
616	609
616	612
616	618
616	809
617	225
617	278
617	285
617	292
617	306
617	312
617	343
617	360
617	362
617	364
617	382
617	390
617	401
617	404
617	406
617	414
617	418
617	429
617	452
617	464
617	466
617	474
617	479
617	489
617	490
617	505
617	506
617	524
617	527
617	537
617	540
617	542
617	547
617	556
617	604
617	605
617	613
617	622
617	990
618	123
618	250
618	264
618	267
618	291
618	293
618	296
618	304
618	336
618	337
618	348
618	359
618	381
618	389
618	397
618	409
618	410
618	439
618	442
618	447
618	449
618	457
618	472
618	480
618	481
618	482
618	494
618	499
618	500
618	522
618	538
618	572
618	577
618	579
618	582
618	586
618	601
618	602
618	607
618	608
618	609
618	612
618	616
619	209
619	222
619	259
619	270
619	271
619	286
619	301
619	322
619	356
619	357
619	365
619	372
619	391
619	400
619	408
619	415
619	428
619	446
619	483
619	486
619	491
619	503
619	506
619	519
619	526
619	529
619	530
619	535
619	536
619	554
619	560
619	564
619	575
619	577
619	583
619	587
619	591
619	600
619	607
619	610
619	620
619	621
619	622
620	248
620	249
620	286
620	301
620	360
620	365
620	367
620	383
620	407
620	408
620	415
620	446
620	448
620	477
620	478
620	483
620	492
620	497
620	498
620	512
620	519
620	525
620	526
620	529
620	531
620	536
620	546
620	553
620	554
620	560
620	564
620	575
620	576
620	583
620	587
620	590
620	591
620	600
620	607
620	610
620	619
620	621
620	622
620	815
621	203
621	259
621	270
621	279
621	286
621	323
621	356
621	383
621	394
621	407
621	417
621	422
621	446
621	477
621	478
621	483
621	486
621	492
621	503
621	512
621	519
621	525
621	526
621	529
621	530
621	531
621	535
621	550
621	553
621	554
621	560
621	564
621	575
621	583
621	587
621	590
621	591
621	600
621	601
621	607
621	610
621	619
621	620
621	622
621	895
622	271
622	279
622	287
622	303
622	317
622	356
622	360
622	372
622	386
622	391
622	394
622	407
622	415
622	417
622	422
622	443
622	448
622	477
622	478
622	483
622	486
622	491
622	512
622	519
622	525
622	526
622	530
622	535
622	536
622	553
622	560
622	564
622	572
622	575
622	583
622	586
622	587
622	590
622	591
622	600
622	607
622	610
622	617
622	619
622	620
622	621
622	653
622	735
622	819
623	909
623	987
623	999
623	1000
624	820
624	863
624	932
624	974
625	935
625	950
625	961
625	967
626	844
626	857
626	983
626	985
627	612
627	993
627	994
627	995
628	976
628	983
628	985
628	994
629	557
629	857
629	938
629	976
630	214
630	959
630	983
630	985
631	890
631	975
631	993
631	994
632	830
632	993
632	994
632	995
633	883
633	926
633	954
633	970
634	774
634	810
634	885
634	971
635	917
635	966
635	997
635	998
636	932
636	935
636	961
636	974
637	734
637	846
637	918
637	974
638	787
638	799
638	885
638	924
639	939
639	973
639	978
639	984
640	682
640	937
640	997
640	998
641	788
641	944
641	997
641	998
642	253
642	903
642	933
642	984
643	799
643	855
643	921
643	965
644	909
644	980
644	988
644	992
645	782
645	976
645	983
645	985
646	817
646	943
646	966
646	998
647	734
647	897
647	916
647	922
648	742
648	845
648	928
648	965
649	872
649	991
649	999
649	1000
650	891
650	989
650	990
650	996
651	787
651	927
651	990
651	996
652	927
652	930
652	950
652	987
653	622
653	921
653	942
653	965
654	247
654	934
654	999
654	1000
655	783
655	957
655	976
655	985
656	573
656	691
656	774
656	799
657	912
657	946
657	954
657	970
658	986
658	991
658	995
658	1000
659	962
659	980
659	988
659	992
660	882
660	918
660	967
660	974
661	667
661	819
661	858
661	970
662	718
662	851
662	942
662	965
663	958
663	968
663	997
663	998
664	810
664	911
664	946
664	971
665	908
665	939
665	973
665	984
666	908
666	919
666	960
666	984
667	661
667	946
667	954
667	970
668	254
668	931
668	977
668	992
669	694
669	759
669	832
669	942
670	824
670	897
670	961
670	967
671	709
671	803
671	907
671	970
672	815
672	939
672	960
672	984
673	551
673	989
673	990
673	996
674	908
674	939
674	953
674	984
675	720
675	959
675	976
675	983
676	726
676	885
676	911
676	933
677	257
677	885
677	949
677	971
678	842
678	942
678	956
678	965
679	978
679	982
679	999
679	1000
680	766
680	932
680	947
680	980
681	615
681	859
681	966
681	997
682	640
682	934
682	983
682	985
683	41
683	851
683	921
683	974
684	250
684	921
684	952
684	996
685	966
685	995
685	997
685	998
686	964
686	974
686	994
686	995
687	964
687	975
687	993
687	994
688	929
688	993
688	994
688	995
689	182
689	702
689	782
689	983
690	978
690	986
690	999
690	1000
691	605
691	656
691	828
691	995
692	972
692	996
692	999
692	1000
693	978
693	987
693	991
693	999
694	669
694	832
694	942
694	956
695	930
695	964
695	979
695	994
696	957
696	983
696	985
696	991
697	238
697	743
697	818
697	971
698	870
698	950
698	990
698	996
699	916
699	918
699	922
699	935
700	968
700	986
700	999
700	1000
701	975
701	979
701	994
701	995
702	689
702	952
702	976
702	983
703	729
703	969
703	997
703	998
704	936
704	969
704	997
704	998
705	981
705	982
705	991
705	999
706	962
706	977
706	980
706	992
707	592
707	867
707	927
707	998
708	962
708	973
708	980
708	992
709	671
709	884
709	907
709	926
709	970
710	796
710	852
710	895
710	956
710	965
711	951
711	975
711	979
711	993
711	995
712	736
712	907
712	946
712	954
712	970
713	794
713	920
713	973
713	989
713	996
714	972
714	981
714	982
714	986
714	1000
715	731
715	917
715	945
715	997
715	998
716	919
716	933
716	953
716	973
716	984
717	975
717	979
717	993
717	994
717	995
718	255
718	662
718	989
718	990
718	996
719	938
719	957
719	976
719	983
719	985
720	675
720	861
720	976
720	983
720	985
721	565
721	855
721	928
721	945
721	956
722	24
722	879
722	989
722	990
722	996
723	816
723	832
723	928
723	956
723	988
724	552
724	738
724	875
724	943
724	998
725	906
725	975
725	993
725	994
725	995
726	676
726	733
726	777
726	949
726	971
727	771
727	808
727	939
727	973
727	984
728	943
728	969
728	970
728	997
728	998
729	703
729	747
729	754
729	997
729	998
730	837
730	975
730	993
730	994
730	995
731	715
731	802
731	969
731	997
731	998
732	869
732	947
732	977
732	988
732	992
733	726
733	743
733	763
733	834
733	949
734	637
734	647
734	961
734	967
734	974
735	622
735	794
735	920
735	963
735	996
736	712
736	912
736	926
736	954
736	970
737	246
737	873
737	944
737	997
737	998
738	724
738	817
738	994
738	997
738	998
739	980
739	987
739	991
739	999
739	1000
740	593
740	860
740	863
740	892
740	924
741	860
741	885
741	911
741	949
741	971
742	648
742	748
742	845
742	855
742	965
743	697
743	733
743	818
743	924
743	971
744	901
744	905
744	980
744	988
744	992
745	816
745	852
745	855
745	928
745	965
746	978
746	991
746	995
746	999
746	1000
747	729
747	898
747	968
747	997
747	998
748	742
748	796
748	845
748	855
748	956
749	880
749	931
749	977
749	988
749	992
750	826
750	882
750	961
750	967
750	974
751	789
751	807
751	977
751	980
751	988
752	892
752	982
752	987
752	999
752	1000
753	779
753	871
753	933
753	973
753	984
754	729
754	877
754	944
754	968
754	997
755	820
755	835
755	913
755	961
755	974
756	805
756	962
756	977
756	988
756	992
757	903
757	981
757	982
757	999
757	1000
758	826
758	861
758	866
758	983
758	985
759	669
759	784
759	928
759	956
759	965
760	793
760	927
760	989
760	990
760	996
761	541
761	832
761	835
761	942
761	965
762	887
762	917
762	939
762	960
762	984
763	733
763	911
763	949
763	971
763	994
764	925
764	977
764	980
764	988
764	992
765	972
765	982
765	991
765	999
765	1000
766	680
766	801
766	980
766	988
766	992
767	790
767	805
767	947
767	980
767	992
768	592
768	964
768	991
768	994
768	995
769	981
769	989
769	991
769	999
769	1000
770	953
770	960
770	965
770	973
770	984
771	727
771	939
771	973
771	983
771	984
772	922
772	934
772	938
772	959
772	976
773	91
773	986
773	989
773	990
773	996
774	634
774	656
774	814
774	911
774	919
775	802
775	969
775	972
775	997
775	998
776	607
776	827
776	993
776	994
776	995
777	726
777	951
777	975
777	993
777	995
778	953
778	955
778	973
778	984
778	998
779	753
779	847
779	953
779	960
779	973
779	984
780	802
780	867
780	936
780	960
780	966
780	998
781	838
781	874
781	931
781	977
781	988
781	992
782	645
782	689
782	957
782	976
782	983
782	985
783	655
783	900
783	957
783	959
783	983
783	985
784	155
784	759
784	932
784	935
784	967
784	974
785	981
785	982
785	987
785	991
785	999
785	1000
786	857
786	861
786	902
786	976
786	983
786	985
787	638
787	651
787	834
787	860
787	878
787	971
788	563
788	641
788	937
788	949
788	966
788	998
789	751
789	972
789	981
789	986
789	999
789	1000
790	767
790	951
790	979
790	993
790	994
790	995
791	514
791	978
791	979
791	993
791	994
791	995
792	805
792	975
792	979
792	993
792	994
792	995
793	760
793	815
793	895
793	904
793	952
793	996
794	713
794	735
794	950
794	989
794	990
794	996
795	186
795	873
795	878
795	938
795	983
795	985
796	710
796	748
796	842
796	851
796	921
796	928
797	978
797	981
797	982
797	986
797	999
797	1000
798	804
798	916
798	935
798	961
798	967
798	974
799	638
799	643
799	656
799	892
799	949
799	971
800	843
800	904
800	950
800	990
800	996
800	998
801	766
801	874
801	977
801	980
801	988
801	992
802	731
802	775
802	780
802	969
802	997
802	998
803	671
803	858
803	946
803	954
803	970
803	993
804	798
804	934
804	959
804	976
804	983
804	985
805	756
805	767
805	792
805	905
805	977
805	988
806	117
806	892
806	924
806	949
806	971
806	976
807	751
807	909
807	962
807	982
807	988
807	992
808	727
808	853
808	903
808	919
808	933
808	955
809	616
809	904
809	958
809	964
809	979
809	995
810	634
810	664
810	828
810	878
810	911
810	924
811	920
811	930
811	963
811	989
811	990
811	996
812	597
812	986
812	987
812	991
812	992
812	999
813	907
813	926
813	946
813	954
813	970
813	978
814	212
814	774
814	828
814	834
814	949
814	971
815	620
815	672
815	793
815	847
815	955
815	973
815	984
816	723
816	745
816	852
816	921
816	928
816	934
816	956
817	646
817	738
817	917
817	955
817	966
817	997
817	998
818	232
818	697
818	743
818	834
818	846
818	878
818	971
819	622
819	661
819	981
819	986
819	987
819	999
819	1000
820	624
820	755
820	918
820	931
820	961
820	967
820	974
821	895
821	915
821	950
821	963
821	989
821	990
821	996
822	252
822	888
822	958
822	964
822	993
822	994
822	995
823	881
823	979
823	981
823	987
823	991
823	999
823	1000
824	462
824	670
824	846
824	922
824	951
824	961
824	967
825	888
825	898
825	952
825	968
825	969
825	997
825	998
826	750
826	758
826	957
826	959
826	976
826	983
826	985
827	776
827	890
827	958
827	961
827	993
827	994
827	995
828	691
828	810
828	814
828	885
828	892
828	924
828	971
829	460
829	958
829	964
829	979
829	993
829	994
829	995
830	632
830	951
830	957
830	975
830	979
830	994
830	995
831	609
831	888
831	913
831	936
831	945
831	997
831	998
832	669
832	694
832	723
832	761
832	852
832	956
832	958
833	574
833	940
833	982
833	986
833	987
833	999
833	1000
834	733
834	787
834	814
834	818
834	924
834	949
834	971
835	755
835	761
835	882
835	916
835	935
835	961
835	967
836	234
836	951
836	979
836	988
836	993
836	994
836	995
837	730
837	901
837	909
837	947
837	980
837	988
837	992
838	781
838	925
838	931
838	980
838	986
838	988
838	992
839	940
839	983
839	986
839	987
839	991
839	999
839	1000
840	883
840	884
840	907
840	912
840	926
840	946
840	970
841	469
841	929
841	958
841	979
841	993
841	994
841	995
842	678
842	796
842	921
842	942
842	953
842	956
842	965
843	800
843	905
843	910
843	927
843	930
843	963
843	996
844	626
844	873
844	900
844	914
844	957
844	959
844	983
844	985
845	648
845	742
845	748
845	851
845	921
845	956
845	965
845	987
846	637
846	818
846	824
846	922
846	932
846	961
846	967
846	974
847	779
847	815
847	871
847	876
847	919
847	955
847	960
847	984
848	849
848	891
848	894
848	950
848	989
848	990
848	996
848	997
849	848
849	870
849	920
849	952
849	963
849	989
849	990
849	996
850	862
850	929
850	958
850	975
850	993
850	994
850	995
850	999
851	662
851	683
851	796
851	845
851	855
851	928
851	942
851	965
852	710
852	745
852	816
852	832
852	928
852	942
852	954
852	965
853	88
853	808
853	891
853	904
853	950
853	989
853	990
853	996
854	889
854	909
854	947
854	962
854	980
854	988
854	991
854	992
855	643
855	721
855	742
855	745
855	748
855	851
855	921
855	942
856	972
856	978
856	981
856	982
856	986
856	987
856	991
856	1000
857	626
857	629
857	786
857	934
857	959
857	976
857	983
857	985
858	373
858	661
858	803
858	883
858	926
858	946
858	970
858	984
859	20
859	681
859	890
859	914
859	979
859	993
859	994
859	995
860	740
860	741
860	787
860	878
860	924
860	947
860	949
860	971
861	720
861	758
861	786
861	959
861	976
861	983
861	985
861	996
862	236
862	850
862	929
862	975
862	979
862	993
862	994
862	995
863	504
863	624
863	740
863	897
863	916
863	935
863	967
863	974
864	566
864	909
864	931
864	947
864	962
864	977
864	988
864	992
865	366
865	880
865	937
865	947
865	962
865	977
865	980
865	992
866	61
866	758
866	910
866	920
866	963
866	989
866	990
866	996
867	707
867	780
867	937
867	943
867	944
867	969
867	997
867	998
868	889
868	917
868	936
868	943
868	968
868	969
868	997
868	998
869	170
869	732
869	879
869	891
869	927
869	930
869	989
869	990
869	996
870	698
870	849
870	879
870	950
870	963
870	970
870	989
870	990
870	996
871	753
871	847
871	887
871	933
871	942
871	955
871	960
871	973
871	984
872	649
872	893
872	896
872	917
872	936
872	966
872	969
872	997
872	998
873	79
873	737
873	795
873	844
873	900
873	938
873	976
873	983
873	985
874	535
874	781
874	801
874	889
874	905
874	977
874	988
874	992
874	996
875	240
875	724
875	948
875	978
875	982
875	987
875	991
875	999
875	1000
876	847
876	899
876	972
876	978
876	981
876	982
876	987
876	991
876	1000
877	754
877	898
877	913
877	926
877	944
877	966
877	968
877	997
877	998
878	569
878	787
878	795
878	810
878	818
878	860
878	885
878	892
878	911
879	722
879	869
879	870
879	952
879	963
879	989
879	990
879	996
879	997
880	518
880	749
880	865
880	901
880	910
880	931
880	977
880	988
880	992
881	823
881	974
881	978
881	981
881	986
881	987
881	991
881	999
881	1000
882	660
882	750
882	835
882	918
882	922
882	932
882	967
882	974
882	981
883	633
883	840
883	858
883	907
883	912
883	916
883	926
883	946
883	954
883	970
884	530
884	709
884	840
884	907
884	912
884	926
884	946
884	954
884	970
884	1000
885	634
885	638
885	676
885	677
885	741
885	828
885	878
885	892
885	924
885	989
886	948
886	972
886	975
886	981
886	982
886	986
886	987
886	991
886	999
886	1000
887	544
887	762
887	871
887	903
887	907
887	953
887	955
887	960
887	973
887	984
888	605
888	822
888	825
888	831
888	896
888	937
888	943
888	945
888	969
888	997
889	431
889	854
889	868
889	874
889	901
889	909
889	925
889	980
889	988
889	992
890	631
890	827
890	859
890	914
890	951
890	964
890	993
890	994
890	995
890	1000
891	650
891	848
891	853
891	869
891	910
891	930
891	962
891	963
891	989
891	996
892	419
892	740
892	752
892	799
892	806
892	828
892	878
892	885
892	949
892	971
893	241
893	872
893	937
893	944
893	966
893	968
893	969
893	997
893	998
893	999
894	848
894	904
894	910
894	930
894	952
894	963
894	964
894	989
894	990
894	996
895	621
895	710
895	793
895	821
895	904
895	927
895	950
895	989
895	990
895	996
896	872
896	888
896	912
896	936
896	943
896	966
896	968
896	969
896	997
896	998
897	595
897	647
897	670
897	863
897	918
897	932
897	961
897	967
897	969
897	974
898	747
898	825
898	877
898	929
898	944
898	966
898	968
898	969
898	997
898	998
899	308
899	876
899	948
899	960
899	972
899	981
899	986
899	991
899	999
899	1000
900	513
900	783
900	844
900	873
900	934
900	957
900	976
900	977
900	983
900	985
901	744
901	837
901	880
901	889
901	905
901	925
901	962
901	969
901	980
901	992
902	786
902	972
902	977
902	978
902	981
902	982
902	986
902	987
902	991
902	999
902	1000
903	579
903	642
903	757
903	808
903	887
903	908
903	939
903	955
903	960
903	973
903	984
904	361
904	793
904	800
904	809
904	853
904	894
904	895
904	952
904	989
904	990
904	996
905	744
905	805
905	843
905	874
905	901
905	925
905	947
905	962
905	977
905	988
905	992
906	80
906	725
906	914
906	951
906	956
906	958
906	964
906	979
906	993
906	994
906	995
907	671
907	709
907	712
907	813
907	840
907	883
907	884
907	887
907	912
907	954
907	970
908	371
908	665
908	666
908	674
908	903
908	953
908	955
908	960
908	966
908	973
908	984
909	623
909	644
909	807
909	837
909	854
909	864
909	889
909	977
909	980
909	988
909	992
910	843
910	866
910	880
910	891
910	894
910	930
910	950
910	952
910	989
910	990
910	996
911	100
911	664
911	676
911	741
911	763
911	774
911	810
911	878
911	949
911	963
911	971
912	517
912	657
912	736
912	840
912	883
912	884
912	896
912	907
912	946
912	954
912	970
913	62
913	755
913	831
913	877
913	937
913	943
913	945
913	968
913	992
913	993
913	997
913	998
914	601
914	844
914	859
914	890
914	906
914	951
914	964
914	975
914	979
914	993
914	994
914	995
915	596
915	821
915	940
915	941
915	972
915	978
915	982
915	986
915	987
915	991
915	999
915	1000
916	647
916	699
916	798
916	835
916	863
916	883
916	918
916	922
916	932
916	935
916	967
916	974
917	224
917	635
917	715
917	762
917	817
917	868
917	872
917	943
917	945
917	968
917	997
917	998
918	637
918	660
918	699
918	820
918	882
918	897
918	916
918	932
918	961
918	967
918	974
918	980
919	561
919	666
919	716
919	774
919	808
919	847
919	933
919	939
919	953
919	960
919	973
919	984
920	713
920	735
920	811
920	849
920	866
920	927
920	930
920	952
920	989
920	990
920	991
920	996
921	643
921	653
921	683
921	684
921	796
921	816
921	842
921	845
921	855
921	928
921	942
921	965
922	583
922	647
922	699
922	772
922	824
922	846
922	882
922	916
922	935
922	961
922	967
922	974
923	928
923	940
923	941
923	972
923	978
923	981
923	982
923	986
923	987
923	991
923	999
923	1000
924	638
924	740
924	743
924	806
924	810
924	828
924	834
924	860
924	885
924	938
924	949
924	971
924	986
925	218
925	764
925	838
925	889
925	901
925	905
925	947
925	962
925	977
925	980
925	985
925	988
925	992
926	633
926	709
926	736
926	813
926	840
926	858
926	877
926	883
926	884
926	946
926	954
926	970
926	979
927	651
927	652
927	707
927	760
927	843
927	869
927	895
927	920
927	950
927	963
927	989
927	990
927	996
928	256
928	648
928	721
928	723
928	745
928	759
928	796
928	816
928	851
928	852
928	921
928	923
928	965
929	71
929	688
929	841
929	850
929	862
929	898
929	958
929	964
929	975
929	979
929	993
929	994
929	995
930	652
930	695
930	811
930	843
930	869
930	891
930	894
930	910
930	920
930	963
930	989
930	990
930	996
931	668
931	749
931	781
931	820
931	838
931	864
931	880
931	947
931	962
931	977
931	979
931	980
931	988
931	992
932	181
932	624
932	636
932	680
932	784
932	846
932	882
932	897
932	916
932	918
932	935
932	961
932	967
932	974
933	642
933	676
933	716
933	753
933	808
933	871
933	919
933	939
933	953
933	955
933	960
933	967
933	973
933	984
934	29
934	654
934	682
934	772
934	804
934	816
934	857
934	900
934	938
934	957
934	959
934	976
934	983
934	985
935	201
935	625
935	636
935	699
935	784
935	798
935	835
935	863
935	916
935	922
935	932
935	961
935	974
935	988
936	704
936	780
936	831
936	868
936	872
936	896
936	937
936	944
936	945
936	966
936	968
936	992
936	997
936	998
937	220
937	640
937	788
937	865
937	867
937	888
937	893
937	913
937	936
937	944
937	945
937	968
937	997
937	998
938	208
938	629
938	719
938	772
938	795
938	873
938	924
938	934
938	941
938	957
938	959
938	976
938	983
938	985
939	639
939	665
939	672
939	674
939	727
939	762
939	771
939	903
939	919
939	933
939	955
939	960
939	973
939	981
939	984
940	833
940	839
940	915
940	923
940	948
940	957
940	972
940	978
940	981
940	982
940	986
940	987
940	991
940	999
940	1000
941	400
941	915
941	923
941	938
941	948
941	972
941	978
941	981
941	982
941	986
941	987
941	990
941	991
941	999
941	1000
942	204
942	653
942	662
942	669
942	678
942	694
942	761
942	842
942	851
942	852
942	855
942	871
942	921
942	956
942	965
943	440
943	646
943	724
943	728
943	867
943	868
943	888
943	896
943	913
943	917
943	969
943	989
943	990
943	997
943	998
944	82
944	641
944	737
944	754
944	867
944	877
944	893
944	898
944	936
944	937
944	945
944	966
944	971
944	997
944	998
945	211
945	715
945	721
945	831
945	888
945	913
945	917
945	936
945	937
945	944
945	966
945	968
945	969
945	997
945	998
946	608
946	657
946	664
946	667
946	712
946	803
946	813
946	840
946	858
946	883
946	884
946	912
946	926
946	954
946	956
946	970
947	519
947	680
947	732
947	767
947	837
947	854
947	860
947	864
947	865
947	905
947	925
947	931
947	962
947	980
947	988
947	992
948	578
948	875
948	886
948	899
948	940
948	941
948	968
948	972
948	978
948	981
948	982
948	986
948	987
948	991
948	999
948	1000
949	677
949	726
949	733
949	741
949	763
949	788
949	799
949	806
949	814
949	834
949	860
949	892
949	911
949	924
949	971
949	999
950	625
950	652
950	698
950	794
950	800
950	821
950	848
950	853
950	870
950	895
950	910
950	927
950	952
950	963
950	989
950	996
951	711
951	777
951	790
951	824
951	830
951	836
951	890
951	906
951	914
951	958
951	964
951	975
951	979
951	993
951	994
951	995
952	304
952	684
952	702
952	793
952	825
952	849
952	879
952	894
952	904
952	910
952	920
952	950
952	963
952	989
952	990
952	996
953	572
953	674
953	716
953	770
953	778
953	779
953	842
953	887
953	908
953	919
953	933
953	955
953	960
953	973
953	975
953	984
954	567
954	633
954	657
954	667
954	712
954	736
954	803
954	813
954	852
954	883
954	884
954	907
954	912
954	926
954	946
954	970
955	454
955	778
955	808
955	815
955	817
955	847
955	871
955	887
955	903
955	908
955	933
955	939
955	953
955	973
955	984
955	985
956	545
956	678
956	694
956	710
956	721
956	723
956	748
956	759
956	816
956	832
956	842
956	845
956	906
956	942
956	946
956	965
957	543
957	655
957	696
957	719
957	782
957	783
957	826
957	830
957	844
957	900
957	934
957	938
957	940
957	959
957	976
957	983
957	985
958	663
958	809
958	822
958	827
958	829
958	832
958	841
958	850
958	906
958	929
958	951
958	964
958	975
958	979
958	993
958	994
958	995
959	197
959	630
959	675
959	772
959	783
959	804
959	826
959	844
959	857
959	861
959	934
959	938
959	957
959	972
959	976
959	983
959	985
959	997
960	570
960	666
960	672
960	762
960	770
960	779
960	780
960	847
960	871
960	887
960	899
960	903
960	908
960	919
960	933
960	939
960	953
960	973
960	984
961	221
961	625
961	636
961	670
961	734
961	750
961	755
961	798
961	820
961	824
961	827
961	835
961	846
961	897
961	918
961	922
961	932
961	935
961	974
962	357
962	659
962	706
962	708
962	756
962	807
962	854
962	864
962	865
962	891
962	901
962	905
962	925
962	931
962	947
962	977
962	988
962	992
962	999
963	228
963	735
963	811
963	821
963	843
963	849
963	866
963	870
963	879
963	891
963	894
963	911
963	927
963	930
963	950
963	952
963	989
963	990
963	996
964	523
964	686
964	687
964	695
964	768
964	809
964	822
964	829
964	890
964	894
964	906
964	914
964	929
964	951
964	958
964	973
964	975
964	979
964	993
964	994
964	995
965	372
965	643
965	648
965	653
965	662
965	678
965	710
965	742
965	745
965	759
965	761
965	770
965	842
965	845
965	851
965	852
965	921
965	928
965	942
965	956
965	983
966	188
966	635
966	646
966	681
966	685
966	780
966	788
966	817
966	872
966	877
966	893
966	896
966	898
966	908
966	936
966	944
966	945
966	968
966	997
966	998
966	1000
967	146
967	625
967	660
967	670
967	734
967	750
967	784
967	798
967	820
967	824
967	835
967	846
967	863
967	882
967	897
967	916
967	918
967	922
967	932
967	933
967	974
967	994
968	291
968	663
968	700
968	747
968	754
968	825
968	868
968	877
968	893
968	896
968	898
968	913
968	917
968	936
968	937
968	945
968	948
968	966
968	969
968	984
968	997
968	998
969	588
969	703
969	704
969	728
969	731
969	775
969	802
969	825
969	867
969	868
969	872
969	888
969	893
969	896
969	897
969	898
969	901
969	943
969	945
969	968
969	997
969	998
970	196
970	633
970	657
970	661
970	667
970	671
970	709
970	712
970	728
970	736
970	803
970	813
970	840
970	858
970	870
970	883
970	884
970	907
970	912
970	926
970	946
970	954
971	257
971	634
971	664
971	677
971	697
971	726
971	741
971	743
971	763
971	787
971	799
971	806
971	814
971	818
971	828
971	834
971	860
971	892
971	911
971	924
971	944
971	949
971	980
972	247
972	692
972	714
972	765
972	775
972	789
972	856
972	876
972	886
972	899
972	902
972	915
972	923
972	940
972	941
972	948
972	959
972	978
972	981
972	982
972	986
972	987
972	991
972	999
972	1000
973	521
973	639
973	665
973	708
973	713
973	716
973	727
973	753
973	770
973	771
973	778
973	779
973	815
973	871
973	887
973	903
973	908
973	919
973	933
973	939
973	953
973	955
973	960
973	964
973	984
974	613
974	624
974	636
974	637
974	660
974	683
974	686
974	734
974	750
974	755
974	784
974	798
974	820
974	846
974	863
974	881
974	882
974	897
974	916
974	918
974	922
974	932
974	935
974	961
974	967
975	433
975	631
975	687
975	701
975	711
975	717
975	725
975	730
975	777
975	792
975	830
975	850
975	862
975	886
975	914
975	929
975	951
975	953
975	958
975	964
975	979
975	981
975	993
975	994
975	995
976	582
976	628
976	629
976	645
976	655
976	675
976	702
976	719
976	720
976	772
976	782
976	786
976	804
976	806
976	826
976	857
976	861
976	873
976	900
976	934
976	938
976	957
976	959
976	985
976	990
976	1000
977	145
977	353
977	668
977	706
977	732
977	749
977	751
977	756
977	764
977	781
977	801
977	805
977	864
977	865
977	874
977	880
977	900
977	902
977	905
977	909
977	925
977	931
977	962
977	980
977	982
977	988
977	992
978	594
978	639
978	679
978	690
978	693
978	746
978	791
978	797
978	813
978	856
978	875
978	876
978	881
978	902
978	915
978	923
978	940
978	941
978	948
978	972
978	981
978	982
978	986
978	987
978	991
978	999
978	1000
979	349
979	586
979	695
979	701
979	711
979	717
979	790
979	791
979	792
979	809
979	823
979	829
979	830
979	836
979	841
979	859
979	862
979	906
979	914
979	926
979	929
979	931
979	951
979	958
979	964
979	975
979	993
979	994
979	995
980	598
980	604
980	644
980	659
980	680
980	706
980	708
980	739
980	744
980	751
980	764
980	766
980	767
980	801
980	837
980	838
980	854
980	865
980	889
980	901
980	909
980	918
980	925
980	931
980	947
980	971
980	977
980	988
980	992
981	562
981	705
981	714
981	757
981	769
981	785
981	789
981	797
981	819
981	823
981	856
981	876
981	881
981	882
981	886
981	899
981	902
981	923
981	939
981	940
981	941
981	948
981	972
981	975
981	978
981	982
981	986
981	987
981	991
981	999
981	1000
982	177
982	246
982	679
982	705
982	714
982	752
982	757
982	765
982	785
982	797
982	807
982	833
982	856
982	875
982	876
982	886
982	902
982	915
982	923
982	940
982	941
982	948
982	972
982	977
982	978
982	981
982	984
982	986
982	987
982	991
982	999
982	1000
983	515
983	626
983	628
983	630
983	645
983	675
983	682
983	689
983	696
983	702
983	719
983	720
983	758
983	771
983	782
983	783
983	786
983	795
983	804
983	826
983	839
983	844
983	857
983	861
983	873
983	900
983	934
983	938
983	957
983	959
983	965
983	985
984	156
984	239
984	639
984	642
984	665
984	666
984	672
984	674
984	716
984	727
984	753
984	762
984	770
984	771
984	778
984	779
984	815
984	847
984	858
984	871
984	887
984	903
984	908
984	919
984	933
984	939
984	953
984	955
984	960
984	968
984	973
984	982
985	332
985	580
985	626
985	628
985	630
985	645
985	655
985	682
985	696
985	719
985	720
985	758
985	782
985	783
985	786
985	795
985	804
985	826
985	844
985	857
985	861
985	873
985	900
985	925
985	934
985	938
985	955
985	957
985	959
985	976
985	983
985	997
986	442
986	658
986	690
986	700
986	714
986	773
986	789
986	797
986	812
986	819
986	833
986	838
986	839
986	856
986	881
986	886
986	899
986	902
986	915
986	923
986	924
986	940
986	941
986	948
986	972
986	978
986	981
986	982
986	987
986	991
986	993
986	999
986	1000
987	342
987	368
987	623
987	652
987	693
987	739
987	752
987	785
987	812
987	819
987	823
987	833
987	839
987	845
987	856
987	875
987	876
987	881
987	886
987	902
987	915
987	923
987	940
987	941
987	948
987	972
987	978
987	981
987	982
987	986
987	991
987	998
987	999
987	1000
988	238
988	644
988	659
988	723
988	732
988	744
988	749
988	751
988	756
988	764
988	766
988	781
988	801
988	805
988	807
988	836
988	837
988	838
988	854
988	864
988	874
988	880
988	889
988	905
988	909
988	925
988	931
988	935
988	947
988	962
988	977
988	980
988	992
988	999
989	324
989	471
989	650
989	673
989	713
989	718
989	722
989	760
989	769
989	773
989	794
989	811
989	821
989	848
989	849
989	853
989	866
989	869
989	870
989	879
989	885
989	891
989	894
989	895
989	904
989	910
989	920
989	927
989	930
989	943
989	950
989	952
989	963
989	990
989	996
990	160
990	617
990	650
990	651
990	673
990	698
990	718
990	722
990	760
990	773
990	794
990	800
990	811
990	821
990	848
990	849
990	853
990	866
990	869
990	870
990	879
990	894
990	895
990	904
990	910
990	920
990	927
990	930
990	941
990	943
990	952
990	963
990	976
990	989
990	996
991	258
991	476
991	649
991	658
991	693
991	696
991	705
991	739
991	746
991	765
991	768
991	769
991	785
991	812
991	823
991	839
991	854
991	856
991	875
991	876
991	881
991	886
991	899
991	902
991	915
991	920
991	923
991	940
991	941
991	948
991	972
991	978
991	981
991	982
991	986
991	987
991	999
991	1000
992	498
992	644
992	659
992	668
992	706
992	708
992	732
992	744
992	749
992	756
992	764
992	766
992	767
992	781
992	801
992	807
992	812
992	837
992	838
992	854
992	864
992	865
992	874
992	880
992	889
992	901
992	905
992	909
992	913
992	925
992	931
992	936
992	947
992	962
992	977
992	980
992	988
992	993
993	229
993	254
993	627
993	631
993	632
993	687
993	688
993	711
993	717
993	725
993	730
993	776
993	777
993	790
993	791
993	792
993	803
993	822
993	827
993	829
993	836
993	841
993	850
993	859
993	862
993	890
993	906
993	913
993	914
993	929
993	951
993	958
993	964
993	975
993	979
993	986
993	992
993	994
993	995
994	252
994	410
994	546
994	627
994	628
994	631
994	632
994	686
994	687
994	688
994	695
994	701
994	717
994	725
994	730
994	738
994	763
994	768
994	776
994	790
994	791
994	792
994	822
994	827
994	829
994	830
994	836
994	841
994	850
994	859
994	862
994	890
994	906
994	914
994	929
994	951
994	958
994	964
994	967
994	975
994	979
994	993
994	995
995	249
995	255
995	599
995	627
995	632
995	658
995	685
995	686
995	688
995	691
995	701
995	711
995	717
995	725
995	730
995	746
995	768
995	776
995	777
995	790
995	791
995	792
995	809
995	822
995	827
995	829
995	830
995	836
995	841
995	850
995	859
995	862
995	890
995	906
995	914
995	929
995	951
995	958
995	964
995	975
995	979
995	993
995	994
996	425
996	468
996	650
996	651
996	673
996	684
996	692
996	698
996	713
996	718
996	722
996	735
996	760
996	773
996	793
996	794
996	800
996	811
996	821
996	843
996	848
996	849
996	853
996	861
996	866
996	869
996	870
996	874
996	879
996	891
996	894
996	895
996	904
996	910
996	920
996	927
996	930
996	950
996	952
996	963
996	989
996	990
996	998
997	496
997	533
997	603
997	635
997	640
997	641
997	663
997	681
997	685
997	703
997	704
997	715
997	728
997	729
997	731
997	737
997	738
997	747
997	754
997	775
997	802
997	817
997	825
997	831
997	848
997	867
997	868
997	872
997	877
997	879
997	888
997	893
997	896
997	898
997	913
997	917
997	936
997	937
997	943
997	944
997	945
997	959
997	966
997	968
997	969
997	985
997	998
998	297
998	310
998	635
998	640
998	641
998	646
998	663
998	685
998	703
998	704
998	707
998	715
998	724
998	728
998	729
998	731
998	737
998	738
998	747
998	775
998	778
998	780
998	788
998	800
998	802
998	817
998	825
998	831
998	867
998	868
998	872
998	877
998	893
998	896
998	898
998	913
998	917
998	936
998	937
998	943
998	944
998	945
998	966
998	968
998	969
998	987
998	996
998	997
999	243
999	525
999	623
999	649
999	654
999	679
999	690
999	692
999	693
999	700
999	705
999	739
999	746
999	752
999	757
999	765
999	769
999	785
999	789
999	797
999	812
999	819
999	823
999	833
999	839
999	850
999	875
999	881
999	886
999	893
999	899
999	902
999	915
999	923
999	940
999	941
999	948
999	949
999	962
999	972
999	978
999	981
999	982
999	986
999	987
999	988
999	991
999	1000
1000	459
1000	602
1000	623
1000	649
1000	654
1000	658
1000	679
1000	690
1000	692
1000	700
1000	714
1000	739
1000	746
1000	752
1000	757
1000	765
1000	769
1000	785
1000	789
1000	797
1000	819
1000	823
1000	833
1000	839
1000	856
1000	875
1000	876
1000	881
1000	884
1000	886
1000	890
1000	899
1000	902
1000	915
1000	923
1000	940
1000	941
1000	948
1000	966
1000	972
1000	976
1000	978
1000	981
1000	982
1000	986
1000	987
1000	991
1000	999
