1 6
1 16
1 37
1 39
1 46
2 30
3 5
4 30
5 2
5 9
6 3
6 22
6 25
7 42
8 3
9 28
9 49
10 27
2354 14
2354 15
2354 28
2354 42
2355 31
2356 5
2356 35
2357 3
2357 13
2357 28
2358 9
2359 19
2359 30
2359 39
2360 46
2361 17
2362 6
2362 41
2362 45
2363 23
2363 38
2363 43
2364 40
2364 45
2365 3
2365 20
2366 10
2366 27
2367 5
2368 17
2369 4
2369 8
2369 28
2370 37
2371 25
2372 30
2373 19
2374 19
2374 47
2375 7
2376 22
2376 41
2377 23
2377 27
2378 13
2378 22
2379 20
2379 31
2380 11
2380 30
2381 7
2381 14
2381 16
2381 23
2381 24
3391 34
3392 9
3392 32
3392 42
3393 32
3393 35
3394 28
3394 46
3395 15
3396 32
3397 17
3398 34
3398 38
3398 44
3399 24
3400 6
3400 11
3400 44
3401 8
3401 26
3401 34
3401 44
3402 8
3402 9
3402 44
3403 36
3403 38
3404 11
3404 42
3405 16
3406 26
3407 2
3407 8
3407 41
3408 6
3409 6
3409 34
3409 44
3410 4
3410 8
3410 13
3410 37
3411 33
3412 6
3413 33
3413 34
3414 21
3415 35
3416 21
3417 46
3418 40
3418 46
3418 49
3418 50
3419 46
3420 11
3421 9
3421 22
3422 32
3422 35
3423 30
3424 3
3424 5
3424 13
3424 17
3424 20
3424 31
3424 42
3424 46
3425 13
3426 28
3427 20
3427 46
3428 15
3428 27
3429 7
3429 19
3429 23
3429 38
3430 5
3430 17
3430 37
3431 22
3432 34
3433 10
3434 21
3434 26
3435 43
3436 40
3437 13
3437 22
3437 35
3437 39
3438 37
3438 38
3439 35
3439 38
3440 17
3440 27
3441 31
3442 26
3443 4
3444 35
3445 40
3446 11
3447 13
3447 28
3447 42
3448 4
3448 8
3448 24
3449 42
3450 6
3450 31
3451 9
3451 16
3452 16
3452 32
3453 23
3454 44
3455 6
3456 36
3457 4
3457 7
3457 24
3457 40
3458 3
3458 9
3458 14
3458 30
3459 30
3460 7
3461 31
3462 7
3462 16
3462 19
3463 11
3463 35
3463 42
3463 46
3464 20
3465 7
3465 32
3466 35
3466 43
3467 6
3467 41
3468 28
3468 37
3469 5
3469 8
3469 17
3469 31
3470 6
3470 34
3471 3
3471 31
3472 48
3473 16
3473 32
3474 4
3474 5
3474 8
3474 17
3474 28
3475 3
3475 31
3476 27
3477 13
3477 15
3477 38
3477 39
3477 46
3478 27
3479 6
3479 35
3479 38
3479 49
3480 26
3480 34
3480 44
3481 13
3481 43
3482 3
3483 10
3483 18
3484 48
3485 9
3486 29
3487 15
3488 11
3488 31
3489 15
3489 26
3489 34
3490 16
3490 19
3490 49
3491 7
3491 16
3491 19
3491 22
3491 28
3491 32
3491 40
3491 45
3492 46
3493 3
3493 10
3493 16
3493 32
3493 38
3494 46
3495 1
3496 10
3496 27
3497 27
3498 7
3498 37
3499 10
3499 13
3499 28
3499 38
3499 43
3500 3
3500 15
3500 24
3500 35
3500 38
3501 24
3502 46
3503 10
3504 20
3504 31
3505 6
3506 12
3506 28
3506 42
3506 44
3507 10
3507 24
3507 29
3508 10
3509 7
3509 29
3509 40
3510 4
3510 8
3510 35
3511 11
3512 7
3512 10
3512 16
3513 4
3513 8
3513 49
3514 37
3514 39
3515 37
3516 6
3517 16
3517 24
3518 26
3518 31
3518 42
3519 15
3520 34
3520 42
3520 44
3521 27
3522 7
3522 16
3522 23
3522 29
3523 27
3524 27
3525 24
3525 27
3526 27
3527 27
3527 31
3528 34
3528 44
3529 27
3530 27
3531 14
3531 39
3532 1
3532 21
3533 24
3534 49
3535 49
3536 7
3536 19
3537 40
3537 49
3538 20
3539 16
3539 19
3540 44
3541 8
3541 40
3542 24
3543 21
3544 42
3545 16
3546 38
3547 10
3547 16
3547 21
3547 22
3547 24
3547 28
3547 38
3548 43
3549 28
3549 40
3550 31
3551 9
3551 40
3551 49
3552 49
3553 27
3554 23
3554 38
3555 40
3555 49
3556 25
3557 23
3558 26
3559 19
3560 4
3560 42
3561 30
3562 9
3562 13
3562 14
3562 27
3563 9
3564 23
3565 30
3566 4
3566 8
3567 10
3568 9
3568 23
3568 29
3569 41
3570 10
3571 46
3572 23
3573 24
3573 40
3573 49
3574 40
3575 13
3575 26
3576 49
3577 40
3578 11
3579 13
3579 19
3579 21
3579 28
3579 42
3580 11
3581 38
3582 48
3583 41
3584 26
3584 44
3585 11
3586 34
3586 44
3587 30
3588 10
3588 34
3589 27
3590 43
3591 30
3591 44
3592 45
3593 26
3593 34
3593 44
3594 45
3595 27
3596 27
3597 26
3598 26
3599 47
3600 12
3601 3
3602 14
3602 17
3603 30
3604 33
3605 5
3605 17
3606 48
3607 46
3608 18
3609 10
3610 40
3611 26
3612 26
3613 26
3613 44
3614 26
3615 26
3616 3
3617 7
3617 16
3617 38
3618 19
3619 11
3620 24
3621 10
3621 19
3622 31
3623 32
3624 32
3625 28
3625 32
3626 11
3627 21
3628 10
3628 14
3628 23
3628 29
3628 32
3628 38
3628 46
3629 39
3630 27
3631 10
3631 25
3631 35
3631 38
3631 45
3632 20
3633 6
3634 10
3634 27
3635 41
3636 4
3636 35
3637 42
3638 23
3639 12
3639 47
3640 26
3641 31
3642 34
3642 44
3643 31
3644 31
3645 31
3646 15
3646 31
3647 31
3648 1
3649 31
3650 31
3651 48
3652 27
3652 36
3653 24
3654 40
3654 42
3654 49
3655 44
3656 16
3656 22
3656 28
3657 21
3658 11
3659 25
3660 7
3660 29
3661 43
3662 5
3663 24
3663 44
3664 4
3664 8
3665 33
3666 28
3666 42
3667 6
3668 35
3669 7
3669 15
3670 16
3671 18
3672 34
3673 35
3674 13
3674 35
3674 43
3675 6
3675 9
3676 9
3676 35
3677 30
3678 10
3679 28
3680 19
3681 6
3682 9
3683 35
3684 6
3685 36
3686 6
3686 30
3686 34
3686 42
3686 43
3686 44
3687 48
3688 28
3688 40
3688 49
3689 8
3689 33
3689 34
3689 44
3690 4
3690 35
3691 30
3692 6
3693 3
3693 27
3694 26
3694 27
3695 14
3696 11
3697 11
3697 38
3698 21
3699 21
3700 13
3701 19
3701 43
3702 40
3702 49
3703 39
3704 2
3704 16
3704 32
3704 39
3705 45
3706 49
3707 26
3708 23
3709 34
3710 35
3711 21
3712 10
3712 27
3713 27
3714 17
3714 27
3715 4
3716 35
3717 10
3717 16
3717 32
3717 38
3717 39
3718 27
3718 38
3719 7
3719 13
3719 14
3719 16
3720 21
3721 7
3722 5
3722 11
3723 10
3723 13
3723 21
3723 28
3723 42
3724 14
3724 29
3724 38
3725 7
3726 41
3727 34
3728 11
3729 4
3729 8
3729 24
3730 4
3730 8
3730 10
3730 16
3730 19
3731 6
3732 6
3732 30
3732 44
3733 41
3734 5
3734 17
3735 6
3735 13
3735 24
3736 46
3737 4
3737 9
3737 13
3737 16
3737 28
3737 35
3737 37
3738 30
3739 1
3740 24
3741 6
3742 42
3743 30
3744 21
3745 4
3746 47
3747 20
3748 11
3749 31
3749 33
3750 3
3750 8
3751 27
3751 31
3752 16
3752 24
3753 34
3753 44
3754 39
3755 11
3756 38
3757 37
3758 41
3758 43
3759 11
3760 8
3761 9
3762 30
3762 48
3763 43
3764 23
3765 34
3766 26
3767 24
3768 19
3768 30
3769 21
3770 49
3771 21
3772 28
3773 48
3774 4
3774 8
3775 36
3776 20
3777 9
3777 19
3777 25
3777 37
3777 50
3778 27
3779 40
3779 49
3780 28
3780 32
3780 42
3781 7
3781 40
3781 48
3781 49
3782 4
3782 8
3782 10
3782 43
3783 36
3784 14
3785 39
3786 20
3787 46
3788 36
3789 26
3790 5
3791 1
3792 40
3792 46
3792 49
3793 24
3794 9
3794 33
3795 34
3796 34
3797 2
3797 37
3797 41
3798 10
3798 27
3799 27
3800 41
3801 3
3802 26
3802 34
3803 27
3803 34
3804 34
3804 44
3805 11
3805 36
3806 4
3807 27
3808 27
3809 42
3809 49
3810 48
3811 24
3811 40
3812 7
3813 11
3814 18
3815 17
3815 24
3816 26
3817 34
3817 44
3818 16
3819 2
3820 35
3821 27
3822 5
3823 21
3823 34
3823 44
3824 27
3825 11
3825 13
3825 24
3825 34
3826 2
3826 48
3827 48
3828 33
3829 28
3829 42
3830 15
3831 11
3831 38
3832 10
3832 42
3833 34
3834 35
3835 15
3835 42
3836 4
3836 41
3837 34
3838 6
3838 41
3839 13
3839 15
3840 3
3840 13
3841 19
3842 42
3843 23
3843 35
3843 50
3844 39
3844 41
3845 26
3845 27
3846 44
3847 4
3848 32
3848 35
3849 14
3849 18
3849 23
3849 29
3850 46
3851 9
3852 32
3853 41
3854 32
3855 8
3855 19
3856 39
3857 15
3857 40
3858 32
3859 37
3860 4
3860 41
3861 39
3862 35
3863 39
3864 41
3865 20
3865 28
3866 26
3867 9
3868 6
3869 27
3870 9
3870 14
3870 18
3870 38
3871 4
3871 7
3872 7
3872 37
3872 44
3873 26
3874 26
3875 34
3875 42
3876 32
3877 1
3877 21
3878 27
3879 48
3880 42
3881 36
3882 24
3882 26
3882 44
3883 49
3884 19
3885 6
3886 2
3886 35
3887 26
3888 4
3888 8
3888 21
3889 34
3889 38
3890 37
